1 1 2 0 364 0
1 1 2 0 407 0
1 1 2 0 454 0
1 1 2 0 510 -1024
1 1 2 0 572 0
1 1 2 0 636 0
1 1 2 0 713 0
1 1 2 0 758 0
1 1 2 0 827 0
1 1 2 0 898 0
1 1 2 0 970 0
1 1 2 0 1020 0
1 1 2 0 1055 0
1 1 2 0 1105 0
1 1 2 0 1141 0
1 1 2 0 1176 0
1 1 2 0 1240 0
1 1 2 0 1264 0
1 1 2 0 1103 0
1 1 2 0 1123 0
1 1 2 0 1137 0
1 1 2 0 1170 0
1 1 2 0 1170 0
1 1 2 0 1176 0
1 1 2 0 1174 0
1 1 2 0 1181 0
1 1 2 0 1190 0
1 1 2 0 1172 0
1 1 2 0 1190 0
1 1 2 0 1205 0
1 1 2 0 1217 0
1 1 2 0 1188 0
1 1 2 0 1211 0
1 1 2 0 1234 0
1 1 2 0 1222 0
1 1 2 0 1223 0
1 1 2 0 1211 0
1 1 2 0 1231 0
1 1 2 0 1232 0
1 1 2 0 1240 0
1 1 2 0 1217 0
1 1 2 0 1230 0
1 1 2 0 1241 0
1 1 2 0 1215 0
1 1 2 0 1196 0
1 1 2 0 1246 0
1 1 2 0 1258 0
1 1 2 0 1241 0
1 1 2 0 1210 0
1 1 2 0 1204 0
1 1 2 0 1229 0
1 1 2 0 1236 0
1 1 2 0 1238 0
1 1 2 0 1263 0
1 1 2 0 1227 0
1 1 2 0 1250 0
1 1 2 0 1251 0
1 1 2 0 1200 0
1 1 2 0 1201 0
1 1 2 0 1205 0
1 1 2 0 1191 0
1 1 2 0 1188 0
1 1 2 0 1195 0
1 1 2 0 1183 0
1 1 2 0 1148 0
1 1 2 0 1166 0
1 1 2 0 1183 0
1 1 2 0 1195 0
1 1 2 0 693 0
1 1 2 0 704 0
1 1 2 0 723 0
1 1 2 0 728 0
1 1 2 0 746 0
1 1 2 0 740 0
1 1 2 0 760 0
1 1 2 0 746 0
1 1 2 0 765 0
1 1 2 0 772 0
1 1 2 0 781 0
1 1 2 0 750 0
1 1 2 0 758 0
1 1 2 0 748 0
1 1 2 0 973 0
1 1 2 0 1067 0
1 1 2 0 1111 0
1 1 2 0 1164 0
1 1 2 0 1120 0
1 1 2 0 1105 0
1 1 2 0 1106 0
1 1 2 0 1087 0
1 1 2 0 1080 0
1 1 2 0 1107 0
1 1 2 0 1111 0
1 1 2 0 1112 0
1 1 2 0 1145 0
1 1 2 0 1166 0
1 1 2 0 1160 0
1 1 2 0 1192 0
1 1 2 0 1160 0
1 1 2 0 1175 0
1 1 2 0 1187 0
1 1 2 0 1182 0
1 1 2 0 1159 0
1 1 2 0 1134 0
1 1 2 0 1146 0
1 1 2 0 1168 0
1 1 2 0 1195 0
1 1 2 0 1210 0
1 1 2 0 1201 0
1 1 2 0 1192 0
1 1 2 0 1276 0
1 1 2 0 1395 0
1 1 2 0 1488 0
1 1 2 0 1527 0
1 1 2 0 1579 0
1 1 2 0 1619 0
1 1 2 0 1612 0
1 1 2 0 1627 0
1 1 2 0 1613 0
1 1 2 0 1606 0
1 1 2 0 1580 0
1 1 2 0 1601 0
1 1 2 0 1585 0
1 1 2 0 1523 0
1 1 2 0 1550 0
1 1 2 0 1538 0
1 1 2 0 1566 0
1 1 2 0 1536 0
1 1 2 0 1580 0
1 1 2 0 1554 0
1 1 2 0 1576 0
1 1 2 0 1573 0
1 1 2 0 1604 0
1 1 2 0 1560 0
1 1 2 0 1571 0
1 1 2 0 1573 0
1 1 2 0 1600 0
1 1 2 0 1573 0
1 1 2 0 660 0
1 1 2 0 658 0
1 1 2 0 665 0
1 1 2 0 670 0
1 1 2 0 668 0
1 1 2 0 669 0
1 1 2 0 653 0
1 1 2 0 653 0
1 1 2 0 643 0
1 1 2 0 631 0
1 1 2 0 639 0
1 1 2 0 636 0
1 1 2 0 638 0
1 1 2 0 647 0
1 1 2 0 647 0
1 1 2 0 650 0
1 1 2 0 654 0
1 1 2 0 659 0
1 1 2 0 678 0
1 1 2 0 670 0
1 1 2 0 678 0
1 1 2 0 688 0
1 1 2 0 681 0
1 1 2 0 678 0
1 1 2 0 703 0
1 1 2 0 776 0
1 1 2 0 898 0
1 1 2 0 1018 0
1 1 2 0 1084 0
1 1 2 0 1124 0
1 1 2 0 1157 0
1 1 2 0 1180 0
1 1 2 0 1172 0
1 1 2 0 1151 0
1 1 2 0 1132 0
1 1 2 0 1137 0
1 1 2 0 1118 0
1 1 2 0 1110 0
1 1 2 0 1123 0
1 1 2 0 1111 0
1 1 2 0 1101 0
1 1 2 0 1088 0
1 1 2 0 1059 0
1 1 2 0 1071 0
1 1 2 0 1091 0
1 1 2 0 1084 0
1 1 2 0 1092 0
1 1 2 0 1105 0
1 1 2 0 1093 0
1 1 2 0 1096 0
1 1 2 0 1116 0
1 1 2 0 1112 0
1 1 2 0 1108 0
1 1 2 0 1078 0
1 1 2 0 1029 0
1 1 2 0 1002 0
1 1 2 0 986 0
1 1 2 0 985 0
1 1 2 0 969 0
1 1 2 0 968 0
1 1 2 0 999 0
1 1 2 0 1006 0
1 1 2 0 1005 0
1 1 2 0 1048 0
1 1 2 0 1036 0
1 1 2 0 1059 0
1 1 2 0 1067 0
1 1 2 0 1033 0
1 1 2 0 1047 0
1 1 2 0 1061 0
1 1 2 0 1077 0
1 1 2 0 1075 0
1 1 2 0 1081 0
1 1 2 0 1099 0
1 1 2 0 1093 0
1 1 2 0 1068 0
1 1 2 0 1079 0
1 1 2 0 1049 0
1 1 2 0 1038 0
1 1 2 0 1060 0
1 1 2 0 1041 0
1 1 2 0 1025 0
1 1 2 0 1033 0
1 1 2 0 1057 0
1 1 2 0 1041 0
1 1 2 0 1061 0
1 1 2 0 1106 0
1 1 2 0 1125 0
1 1 2 0 1100 0
1 1 2 0 1091 0
1 1 2 0 1094 0
1 1 2 0 1091 0
1 1 2 0 1081 0
1 1 2 0 1064 0
1 1 2 0 1067 0
1 1 2 0 1076 0
1 1 2 0 1072 0
1 1 2 0 1103 0
1 1 2 0 1096 0
1 1 2 0 1107 0
1 1 2 0 1099 0
1 1 2 0 1090 0
1 1 2 0 1129 0
1 1 2 0 1147 0
1 1 2 0 1151 0
1 1 2 0 1126 0
1 1 2 0 1125 0
1 1 2 0 1134 0
1 1 2 0 1129 0
1 1 2 0 1094 0
1 1 2 0 1062 0
1 1 2 0 1053 0
1 1 2 0 1042 0
1 1 2 0 1009 0
1 1 2 0 1008 0
1 1 2 0 1010 0
1 1 2 0 992 0
1 1 2 0 1017 0
1 1 2 0 1044 0
1 1 2 0 1062 0
1 1 2 0 1099 0
1 1 2 0 1101 0
1 1 2 0 1111 0
1 1 2 0 1103 0
1 1 2 0 1122 0
1 1 2 0 1085 0
1 1 2 0 1069 0
1 1 2 0 1062 0
1 1 2 0 1040 0
1 1 2 0 1047 0
1 1 2 0 1059 0
1 1 2 0 1062 0
1 1 2 0 1068 0
1 1 2 0 1099 0
1 1 2 0 1075 0
1 1 2 0 1066 0
1 1 2 0 1062 0
1 1 2 0 1054 0
1 1 2 0 1056 0
1 1 2 0 1062 0
1 1 2 0 1097 0
1 1 2 0 1093 0
1 1 2 0 1111 0
1 1 2 0 1107 0
1 1 2 0 1118 0
1 1 2 0 1114 0
1 1 2 0 1081 0
1 1 2 0 1086 0
1 1 2 0 1081 0
1 1 2 0 1072 0
1 1 2 0 1077 0
1 1 2 0 1071 0
1 1 2 0 1041 0
1 1 2 0 1040 0
1 1 2 0 1030 0
1 1 2 0 1041 0
1 1 2 0 1044 0
1 1 2 0 1081 0
1 1 2 0 1085 0
1 1 2 0 1094 0
1 1 2 0 1107 0
1 1 2 0 1127 0
1 1 2 0 1153 0
1 1 2 0 1151 0
1 1 2 0 1139 0
1 1 2 0 1129 0
1 1 2 0 1136 0
1 1 2 0 1134 0
1 1 2 0 1126 0
1 1 2 0 1119 0
1 1 2 0 1095 0
1 1 2 0 1087 0
1 1 2 0 1074 0
1 1 2 0 1076 0
1 1 2 0 1065 0
1 1 3 0 1068 -259
1 1 3 0 949 -259
1 1 3 0 750 -259
1 1 3 0 560 -259
1 1 3 0 383 -259
1 1 3 0 226 -259
1 1 3 0 110 -259
1 1 3 0 109 -259
1 1 3 0 108 -259
1 1 3 0 111 -259
1 1 3 0 110 -259
1 1 3 0 109 -259
1 1 3 0 111 -259
1 1 3 0 109 -259
0 0 0 0 109 0
0 0 0 0 111 0
0 0 0 0 111 0
0 0 0 0 110 0
0 0 0 0 110 0
0 0 0 0 114 0
0 0 0 0 113 0
0 0 0 0 108 0
0 0 0 0 112 0
0 0 0 0 112 0
0 0 0 0 113 0
0 0 0 0 108 0
0 0 0 0 108 0
0 0 0 0 109 0
0 0 0 0 113 0
0 0 0 0 111 0
