1 1 2 0 1405 0
1 1 2 0 1479 0
1 1 2 0 1479 0
1 1 2 0 1552 0
1 1 2 0 1655 0
1 1 2 0 1719 0
1 1 2 0 1680 0
1 1 2 0 1544 0
1 1 2 0 1466 0
1 1 2 1 1486 0
1 1 2 1 1559 0
1 1 2 1 1613 0
1 1 2 1 1537 0
1 1 2 1 1443 0
1 1 2 1 1451 0
1 1 2 1 1550 0
1 1 2 1 1486 0
1 1 2 1 1465 0
1 1 2 1 1559 0
1 1 2 1 1523 0
1 1 2 1 1511 0
1 1 2 1 1495 0
1 1 2 1 1511 0
1 1 2 1 1476 0
1 1 2 1 1477 0
1 1 2 1 1534 0
1 1 2 1 1426 0
1 1 2 1 1483 0
1 1 2 1 1518 0
1 1 2 1 1444 0
1 1 2 1 1452 0
1 1 2 1 1457 0
1 1 2 1 1463 0
1 1 2 1 1443 0
1 1 2 1 1501 0
1 1 2 1 1508 0
1 1 2 1 1416 0
1 1 2 1 1521 0
1 1 2 1 1570 0
1 1 2 1 1534 0
1 1 2 1 1493 0
1 1 2 1 1586 0
1 1 2 1 1576 0
1 1 2 1 1505 0
1 1 2 1 1621 0
1 1 2 1 1662 0
1 1 2 1 1618 0
1 1 2 1 1619 0
1 1 2 1 1649 0
1 1 2 1 1637 0
1 1 2 1 1599 0
1 1 2 1 1750 0
1 1 2 1 1663 0
1 1 2 1 1621 0
1 1 2 1 1595 0
1 1 2 1 1638 0
1 1 2 1 1659 0
1 1 2 1 1611 0
1 1 2 1 1644 0
1 1 2 1 1619 0
1 1 2 1 1581 0
1 1 2 1 1594 0
1 1 2 1 1571 0
1 1 2 1 1594 0
1 1 2 1 1617 0
1 1 2 1 1542 0
1 1 2 1 1570 0
1 1 2 1 1589 0
1 1 2 1 1620 0
1 1 2 1 1507 0
1 1 2 1 1556 0
1 1 2 1 1707 0
1 1 2 1 1667 0
1 1 2 1 1513 0
1 1 2 1 1578 0
1 1 2 1 1621 0
1 1 2 1 1557 0
1 1 2 1 1550 0
1 1 2 1 1591 0
1 1 2 1 1597 0
1 1 2 1 1498 0
1 1 2 1 1509 0
1 1 2 1 1621 0
1 1 2 1 1594 0
1 1 2 1 1447 0
1 1 2 1 1459 0
1 1 2 1 1644 0
1 1 2 1 1738 0
1 1 2 1 1769 0
1 1 2 1 1717 0
1 1 2 1 1689 0
1 1 2 1 1515 0
1 1 2 1 1330 0
1 1 2 1 1397 0
1 1 2 1 1594 0
1 1 2 1 1594 0
1 1 2 1 1526 0
1 1 2 1 1555 0
1 1 2 1 1677 0
1 1 2 1 1698 0
1 1 2 1 1681 0
1 1 2 1 1601 0
1 1 2 1 1571 0
1 1 2 1 1577 0
1 1 2 1 1656 0
1 1 2 1 1663 0
1 1 2 1 1670 0
1 1 2 1 1651 0
1 1 2 1 1533 0
1 1 2 1 1627 0
1 1 2 1 1598 0
1 1 2 1 1592 0
1 1 2 1 1608 0
1 1 2 1 1631 0
1 1 2 1 1587 0
1 1 2 1 1621 0
1 1 2 1 1600 0
1 1 2 1 1632 0
1 1 2 1 1531 0
1 1 2 1 1562 0
1 1 2 1 1569 0
1 1 2 1 1569 0
1 1 2 1 1572 0
1 1 2 1 1560 0
1 1 2 1 1619 0
1 1 2 1 1547 0
1 1 2 1 1567 0
1 1 2 1 1572 0
1 1 2 1 1566 0
1 1 2 1 1583 0
1 1 2 1 1588 0
1 1 2 1 1593 0
1 1 2 1 1541 0
1 1 2 1 1525 0
1 1 2 1 1547 0
1 1 2 1 1526 0
1 1 2 1 1519 0
1 1 2 1 1516 0
1 1 2 1 1588 0
1 1 2 1 1555 0
1 1 2 1 1526 0
1 1 2 1 1599 0
1 1 2 1 1551 0
1 1 2 1 1567 0
1 1 2 1 1542 0
1 1 2 1 1569 0
1 1 2 1 1568 0
1 1 2 1 1544 0
1 1 2 1 1569 0
1 1 2 1 1575 0
1 1 2 1 1585 0
1 1 2 1 1532 0
1 1 2 1 1628 0
1 1 2 1 1548 0
1 1 2 1 1537 0
1 1 2 1 1564 0
1 1 2 1 1607 0
1 1 2 1 1644 0
1 1 2 1 1592 0
1 1 2 1 1568 0
1 1 2 1 1599 0
1 1 2 1 1564 0
1 1 2 1 1618 0
1 1 2 1 1685 0
1 1 2 1 1565 0
1 1 2 1 1459 0
1 1 2 1 1504 0
1 1 2 1 1514 0
1 1 2 1 1474 0
1 1 2 1 1478 0
1 1 2 1 1548 0
1 1 2 1 1463 0
1 1 3 1 1406 -60
1 1 3 1 1259 -60
1 1 3 1 1043 -60
1 1 3 1 803 -60
1 1 3 1 594 -60
1 1 3 1 335 -60
1 1 3 1 137 -60
1 1 3 1 157 -60
1 1 3 1 136 -60
1 1 3 1 113 -60
1 1 3 1 114 -60
1 1 3 1 109 -60
1 1 3 1 111 -60
1 1 3 1 110 -60
1 1 3 1 113 -60
1 1 3 1 114 -60
1 1 3 1 111 -60
0 0 3 1 111 0
0 0 3 1 111 0
0 0 3 1 110 0
0 0 3 1 111 0
0 0 3 1 108 0
0 0 3 1 112 0
0 0 3 1 111 0
0 224 192 224 0 -60
0 0 3 1 110 0
0 0 3 1 114 0
0 0 3 1 115 0
0 0 3 1 112 0
0 0 3 1 114 0
0 0 3 1 111 0
0 0 3 1 110 0
0 0 3 1 111 0
0 0 3 1 114 0
0 0 3 1 111 0
0 0 3 1 111 0
0 0 3 1 113 0
0 0 3 1 111 0
0 0 3 1 114 0
0 0 3 1 109 0
0 0 3 1 110 0
0 0 3 1 111 0
0 0 3 1 111 0
0 0 3 1 113 0
0 0 3 1 114 0
0 0 3 1 114 0
0 0 3 1 112 0
0 0 3 1 114 0
0 0 3 1 113 0
0 0 3 1 113 0
0 0 3 1 111 0
0 0 3 1 112 0
0 0 3 1 108 0
0 0 3 1 112 0
0 0 3 1 108 0
0 0 3 1 110 0
0 0 3 1 111 0
0 0 3 1 114 0
0 0 3 1 112 0
0 0 3 1 112 0
0 0 3 1 108 0
0 0 3 1 111 0
0 0 3 1 113 0
0 0 3 1 107 0
0 0 3 1 111 0
0 0 3 1 111 0
0 0 3 1 109 0
0 0 3 1 112 0
0 0 3 1 110 0
0 0 3 1 111 0
0 0 3 1 107 0
0 0 3 1 113 0
0 0 3 1 110 0
0 0 3 1 111 0
0 0 3 1 110 0
0 0 3 1 113 0
0 0 3 1 111 0
0 0 3 1 108 0
0 0 3 1 108 0
0 0 3 1 112 0
0 0 3 1 113 0
0 0 3 1 113 0
0 0 3 1 109 0
0 0 3 1 109 0
0 0 3 1 112 0
0 0 3 1 111 0
0 0 3 1 112 0
0 0 3 1 114 0
0 0 3 1 113 0
0 0 3 1 113 0
0 0 3 1 110 0
0 0 3 1 110 0
0 0 3 1 113 0
0 0 3 1 113 0
0 0 3 1 113 0
