33 62 73 0 0 0 0.000000
0 0 0 0 139 0 0.000000
0 0 0 0 136 0 0.000000
0 0 0 0 139 0 0.000000
0 0 0 0 138 0 0.000000
0 0 0 0 139 0 0.000000
0 0 0 0 137 0 0.000000
0 0 0 0 135 0 0.000000
0 0 0 0 137 0 0.000000
0 0 0 0 139 0 0.000000
0 0 0 0 137 0 0.000000
0 0 0 0 140 0 0.063236
0 0 0 0 138 0 0.172062
0 0 0 0 137 0 0.189706
0 0 0 0 139 0 0.311763
0 0 0 0 138 0 0.462743
0 0 0 0 139 0 0.149510
0 0 0 0 137 0 0.290195
0 0 0 0 140 0 0.341173
0 0 0 0 141 0 0.141669
0 0 0 0 136 0 0.222059
0 0 0 0 138 0 0.216178
0 0 0 0 141 0 0.108823
0 0 0 0 136 0 0.058701
0 0 0 0 139 0 0.185784
0 0 0 0 136 0 0.401960
0 0 0 0 140 0 0.038113
0 0 0 0 136 0 0.398040
0 0 0 0 135 0 0.036152
0 0 0 0 140 0 0.068627
0 0 0 0 138 0 0.458823
0 0 0 0 138 0 0.211274
0 0 0 0 138 0 0.109313
0 0 0 0 138 0 0.110783
0 0 0 0 140 0 0.270589
0 0 0 0 138 0 0.278433
0 0 0 0 137 0 0.091667
0 0 0 0 137 0 0.177943
0 0 0 0 136 0 0.186766
0 0 0 0 138 0 0.300000
0 0 0 0 139 0 0.105391
1 0 0 241 139 0 0.201470
1 0 0 235 136 0 0.494116
1 0 0 229 139 0 0.699999
1 0 0 223 138 0 0.888234
1 0 0 217 139 0 1.529404
1 0 0 211 138 0 0.692165
1 1 2 0 138 0 0.523536
1 1 2 0 138 0 1.050967
1 1 2 0 138 0 1.686271
1 1 2 0 134 0 1.247063
1 1 2 0 137 0 0.329410
1 1 2 0 139 0 0.060906
1 1 2 0 159 0 -1.317656
1 1 2 0 176 0 -0.124363
1 1 2 0 1052 0 35.012032
1 1 2 0 1030 0 101.395195
33 62 73 0 0 0 0.000000
1 1 2 0 993 0 37.522274
1 1 2 0 1058 0 122.478233
1 1 2 0 1041 0 69.772469
1 1 2 0 1011 0 45.552944
