不切换PID
1 0 0 0 117 0
1 0 0 0 108 0
1 0 0 0 115 0
1 0 0 0 115 0
1 0 0 0 113 0
1 1 2 0 113 0
1 1 2 0 117 0
1 1 2 0 115 0
1 1 2 0 112 0
1 1 2 0 112 0
1 1 2 0 113 0
1 1 2 0 116 0
1 1 2 0 113 0
1 1 2 0 116 0
1 1 2 0 111 0
1 1 2 0 115 0
1 1 2 0 115 0
1 1 2 0 111 0
1 1 2 0 112 0
1 1 2 0 116 0
1 1 2 0 115 0
1 1 2 0 234 0
1 1 2 0 864 0
1 1 2 0 936 0
1 1 2 0 932 0
1 1 2 0 974 0
1 1 2 0 976 0
1 1 2 0 966 0
1 1 2 0 990 0
1 1 2 0 977 0
1 1 2 0 962 0
1 1 2 0 941 0
1 1 2 0 938 0
1 1 2 0 907 0
1 1 2 0 892 0
1 1 2 1 876 0
1 1 2 1 870 0
1 1 2 1 884 0
1 1 2 1 876 0
1 1 2 1 911 0
1 1 2 1 912 0
1 1 2 1 926 0
1 1 2 1 917 0
1 1 2 1 912 0
1 1 2 1 917 0
1 1 2 1 897 0
1 1 2 1 899 0
1 1 2 1 895 0
1 1 2 1 903 0
1 1 2 1 901 0
1 1 2 1 943 0
1 1 2 1 936 0
1 1 2 1 934 0
1 1 2 1 962 0
1 1 2 1 959 0
1 1 2 1 975 0
1 1 2 1 985 0
1 1 2 1 976 0
1 1 2 1 1011 0
1 1 2 1 1005 0
1 1 2 1 1001 0
1 1 2 1 995 0
1 1 2 1 970 0
1 1 2 1 977 0
1 1 2 1 1002 0
1 1 2 1 994 0
1 1 2 1 1006 0
1 1 2 1 984 0
1 1 2 1 988 0
1 1 2 1 995 0
1 1 2 1 975 0
1 1 2 1 990 0
1 1 2 1 975 0
1 1 2 1 1010 0
1 1 2 1 1006 0
1 1 2 1 1010 0
1 1 2 1 955 0
1 1 2 1 991 0
1 1 2 1 975 0
1 1 2 1 989 0
1 1 2 1 979 0
1 1 2 1 975 0
1 1 2 1 983 0
1 1 2 1 1020 0
1 1 2 1 1011 0
1 1 2 1 1022 0
1 1 2 1 1015 0
1 1 2 1 1037 0
1 1 2 1 1067 0
1 1 2 1 1086 0
1 1 2 1 1097 0
1 1 2 1 1081 0
1 1 2 1 1123 0
1 1 2 1 1102 0
1 1 2 1 1077 0
1 1 2 1 1103 0
1 1 2 1 1126 0
1 1 2 1 1111 0
1 1 2 1 1094 0
1 1 2 1 1115 0
1 1 2 1 1078 0
1 1 2 1 1087 0
1 1 2 1 1080 0
1 1 2 1 1089 0
1 1 2 1 1081 0
1 1 2 1 1099 0
1 1 2 1 1062 0
1 1 2 1 1067 0
1 1 2 1 1094 0
1 1 2 1 1107 0
1 1 2 1 1070 0
1 1 2 1 1084 0
1 1 2 1 1096 0
1 1 2 1 1079 0
1 1 2 1 1086 0
1 1 2 1 1129 0
1 1 2 1 1125 0
1 1 2 1 1114 0
1 1 2 1 1093 0
1 1 2 1 1106 0
1 1 2 1 1122 0
1 1 2 1 1123 0
1 1 2 1 1126 0
1 1 2 1 1134 0
1 1 2 1 1104 0
1 1 2 1 1109 0
1 1 2 1 1123 0
1 1 2 1 1100 0
1 1 2 1 1117 0
1 1 2 1 1067 0
1 1 2 1 1082 0
1 1 2 1 1064 0
1 1 2 1 1055 0
1 1 2 1 1050 0
1 1 2 1 1078 0
1 1 2 1 1059 0
1 1 2 1 1076 0
1 1 2 1 1115 0
1 1 2 1 1125 0
1 1 2 1 1092 0
1 1 2 1 1053 0
1 1 2 1 1067 0
1 1 2 1 1053 0
1 1 2 1 1037 0
1 1 2 1 1062 0
1 1 2 1 1067 0
1 1 2 1 1068 0
1 1 2 1 1063 0
1 1 2 1 1095 0
1 1 2 1 1072 0
1 1 2 1 1063 0
1 1 2 1 1070 0
1 1 2 1 1047 0
1 1 2 1 1049 0
1 1 2 1 1112 0
1 1 2 1 1068 0
1 1 2 1 1086 0
1 1 2 1 1084 0
1 1 2 1 1152 0
1 1 2 1 1120 0
1 1 2 1 1123 0
1 1 2 1 1087 0
1 1 2 1 1095 0
1 1 2 1 1073 0
1 1 2 1 1128 0
1 1 2 1 1091 0
1 1 2 1 1134 0
1 1 2 1 1101 0
1 1 2 1 1149 0
1 1 2 1 1193 0
1 1 2 1 1175 0
1 1 2 1 1147 0
1 1 2 1 1175 0
1 1 2 1 1156 0
1 1 2 1 1115 0
1 1 2 1 1137 0
1 1 2 1 1151 0
1 1 2 1 1116 0
1 1 2 1 1131 0
1 1 2 1 1120 0
1 1 2 1 1089 0
1 1 2 1 1129 0
1 1 2 1 1102 0
1 1 2 1 1127 0
1 1 2 1 1144 0
1 1 2 1 1186 0
1 1 2 1 1165 0
1 1 2 1 1151 0
1 1 2 1 1187 0
1 1 2 1 1173 0
1 1 2 1 1195 0
1 1 2 1 1193 0
1 1 2 1 1164 0
1 1 2 1 1163 0
1 1 2 1 1169 0
1 1 2 1 1163 0
1 1 2 1 1152 0
1 1 2 1 1173 0
1 1 3 1 1190 -60
1 1 3 1 1029 -60
1 1 3 1 711 -60
1 1 3 1 526 -60
1 1 3 1 346 -60
1 1 3 1 184 -60
1 1 3 1 110 -60
1 1 3 1 109 -60
1 1 3 1 113 -60
0 0 3 1 111 0
0 0 3 1 108 0
0 0 3 1 109 0
0 0 3 1 109 0
0 0 3 1 111 0
0 0 3 1 105 0
0 0 3 1 108 0
0 0 3 1 109 0
0 0 3 1 107 0
0 0 3 1 109 0
0 0 3 1 107 0
0 0 3 1 108 0
0 0 3 1 107 0
0 0 3 1 108 0
0 0 3 1 108 0
0 0 3 1 107 0
0 0 3 1 113 0
