飞行日志7_20_3：
和2相同，但未接遥控器
flag.fly_ready || flag.taking_off || flag.auto_take_off_land || one_key_taof_start || tof_height_mm || auto_taking_off_sp
0 0 0 0 136 0
0 0 0 0 135 0
0 0 0 0 135 0
0 0 0 0 135 0
0 0 0 0 139 0
0 0 0 0 136 0
0 0 0 0 138 0
0 0 0 0 137 0
0 0 0 0 134 0
0 0 0 0 134 0
0 0 0 0 136 0
0 0 0 0 137 0
0 0 0 0 135 0
0 0 0 0 137 0
0 0 0 0 134 0
0 0 0 0 134 0
0 0 0 0 139 0
0 0 0 0 137 0
0 0 0 0 136 0
0 0 0 0 137 0
0 0 0 0 136 0
0 0 0 0 135 0
0 0 0 0 137 0
0 0 0 0 137 0
0 0 0 0 136 0
0 0 0 0 137 0
0 0 0 0 137 0
0 0 0 0 137 0
0 0 0 0 136 0
0 0 0 0 139 0
0 0 0 0 138 0
0 0 0 0 137 0
0 0 0 0 136 0
0 0 0 0 137 0
0 0 0 0 136 0
0 0 0 0 139 0
0 0 0 0 136 0
0 0 0 0 138 0
0 0 0 0 135 0
0 0 0 0 136 0
1 0 0 241 136 0
1 0 0 235 135 0
1 0 0 229 135 0
1 0 3 223 138 -572
1 0 3 217 140 -572
1 0 3 211 135 -572
1 0 3 0 138 -572
1 0 3 0 136 -572
1 0 3 0 135 -572
1 0 3 0 140 -572
1 0 3 0 136 -572
1 0 3 0 136 -572
0 0 0 0 136 0
0 0 0 0 135 0
0 0 0 0 134 0
0 0 0 0 134 0
0 0 0 0 139 0
0 0 0 0 134 0
0 0 0 0 136 0
0 0 0 0 134 0
0 0 0 0 137 0
0 0 0 0 135 0
0 0 0 0 136 0
0 0 0 0 135 0
0 0 0 0 137 0
0 0 0 0 134 0
0 0 0 0 136 0
0 0 0 0 136 0
0 0 0 0 137 0
0 0 0 0 137 0
0 0 0 0 136 0
0 0 0 0 136 0
0 0 0 0 135 0
0 0 0 0 137 0
0 0 0 0 138 0
0 0 0 0 136 0
0 0 0 0 135 0
0 0 0 0 139 0
0 0 0 0 136 0
0 0 0 0 137 0
0 0 0 0 138 0
0 0 0 0 137 0
