0 0 0 0 114 0
0 0 0 0 113 0
0 0 0 0 110 0
0 0 0 0 111 0
0 0 0 0 115 0
0 0 0 0 110 0
0 0 0 0 109 0
0 0 0 0 112 0
0 0 0 0 112 0
0 0 0 0 113 0
0 0 0 0 111 0
0 0 0 0 112 0
0 0 0 0 112 0
0 0 0 0 111 0
0 0 0 0 114 0
0 0 0 0 112 0
0 0 0 0 113 0
0 0 0 0 114 0
0 0 0 0 113 0
0 0 0 0 113 0
0 0 0 0 112 0
0 0 0 0 117 0
0 0 0 0 113 0
0 0 0 0 113 0
0 0 0 0 112 0
0 0 0 0 110 0
0 0 0 0 113 0
0 0 0 0 112 0
0 0 0 0 113 0
0 0 0 0 111 0
0 0 0 0 112 0
0 0 0 0 114 0
0 0 0 0 113 0
1 0 0 0 111 0
1 0 0 0 114 0
1 0 0 0 115 0
1 0 0 0 113 0
1 0 0 0 112 0
1 1 2 0 112 0
1 1 2 0 115 0
1 1 2 0 113 0
1 1 2 0 115 0
1 1 2 0 113 0
1 1 2 0 113 0
1 1 2 0 116 0
1 1 2 0 114 0
1 1 2 0 111 0
1 1 2 0 113 0
1 1 2 0 112 0
1 1 2 0 116 0
1 1 2 0 115 0
1 1 2 0 115 0
1 1 2 0 114 0
1 1 2 0 115 0
1 1 2 0 169 0
1 1 2 0 338 0
1 1 2 0 578 0
1 1 2 0 873 0
1 1 2 0 1047 0
1 1 2 0 1188 0
1 1 2 0 1251 0
1 1 2 0 1310 0
1 1 2 0 1292 0
1 1 2 0 1318 0
1 1 2 0 1349 0
1 1 2 0 1380 0
1 1 2 0 1404 0
1 1 2 0 1388 0
1 1 2 0 1381 0
1 1 2 0 1393 0
1 1 2 1 1365 0
1 1 2 1 1502 0
1 1 2 1 1451 0
1 1 2 1 1413 0
1 1 2 1 1456 0
1 1 2 1 1459 0
1 1 2 1 1446 0
1 1 2 1 1461 0
1 1 2 1 1465 0
1 1 2 1 1448 0
1 1 2 1 1447 0
1 1 2 1 1471 0
1 1 2 1 1493 0
1 1 2 1 1464 0
1 1 2 1 1491 0
1 1 2 1 1449 0
1 1 2 1 1539 0
1 1 2 1 1533 0
1 1 2 1 1507 0
1 1 2 1 1507 0
1 1 2 1 1506 0
1 1 2 1 1484 0
1 1 2 1 1497 0
1 1 2 1 1426 0
1 1 2 1 1474 0
1 1 2 1 1444 0
1 1 2 1 1466 0
1 1 2 1 1444 0
1 1 2 1 1465 0
1 1 2 1 1452 0
1 1 2 1 1461 0
1 1 2 1 1468 0
1 1 2 1 1478 0
1 1 2 1 1494 0
1 1 2 1 1550 0
1 1 2 1 1548 0
1 1 2 1 1569 0
1 1 2 1 1560 0
1 1 2 1 1568 0
1 1 2 1 1560 0
1 1 2 1 1593 0
1 1 2 1 1594 0
1 1 2 1 1531 0
1 1 2 1 1603 0
1 1 2 1 1642 0
1 1 2 1 1616 0
1 1 2 1 1641 0
1 1 2 1 1658 0
1 1 2 1 1599 0
1 1 2 1 1635 0
1 1 2 1 1589 0
1 1 2 1 1583 0
1 1 2 1 1522 0
1 1 2 1 1576 0
1 1 2 1 1609 0
1 1 2 1 1551 0
1 1 2 1 1603 0
1 1 2 1 1569 0
1 1 2 1 1574 0
1 1 2 1 1614 0
1 1 2 1 1612 0
1 1 2 1 1593 0
1 1 2 1 1637 0
1 1 2 1 1583 0
1 1 2 1 1583 0
1 1 2 1 1619 0
1 1 2 1 1593 0
1 1 2 1 1559 0
1 1 2 1 1622 0
1 1 2 1 1638 0
1 1 2 1 1584 0
1 1 2 1 1579 0
1 1 2 1 1592 0
1 1 2 1 1561 0
1 1 2 1 1609 0
1 1 2 1 1588 0
1 1 2 1 1557 0
1 1 2 1 1586 0
1 1 2 1 1557 0
1 1 2 1 1583 0
1 1 2 1 1601 0
1 1 2 1 1592 0
1 1 2 1 1626 0
1 1 2 1 1614 0
1 1 2 1 1612 0
1 1 2 1 1642 0
1 1 2 1 1622 0
1 1 2 1 1646 0
1 1 2 1 1620 0
1 1 2 1 1648 0
1 1 2 1 1615 0
1 1 2 1 1622 0
1 1 2 1 1578 0
1 1 2 1 1695 0
1 1 2 1 1708 0
1 1 2 1 1731 0
1 1 2 1 1658 0
1 1 2 1 1678 0
1 1 2 1 1692 0
1 1 2 1 1718 0
1 1 2 1 1688 0
1 1 2 1 1701 0
1 1 2 1 1683 0
1 1 2 1 1698 0
1 1 2 1 1657 0
1 1 2 1 1675 0
1 1 2 1 1698 0
1 1 2 1 1645 0
1 1 2 1 1626 0
1 1 2 1 1629 0
1 1 2 1 1633 0
1 1 2 1 1617 0
1 1 2 1 1594 0
1 1 2 1 1609 0
1 1 2 1 1652 0
1 1 2 1 1568 0
1 1 2 1 1564 0
1 1 2 1 1596 0
1 1 2 1 1584 0
1 1 2 1 1603 0
1 1 2 1 1581 0
1 1 2 1 1585 0
1 1 2 1 1577 0
1 1 2 1 1567 0
1 1 2 1 1610 0
1 1 2 1 1596 0
1 1 2 1 1609 0
1 1 2 1 1662 0
1 1 2 1 1592 0
1 1 2 1 1673 0
1 1 2 1 1620 0
1 1 2 1 1649 0
1 1 2 1 1677 0
1 1 2 1 1644 0
1 1 2 1 1629 0
1 1 2 1 1692 0
1 1 2 1 1734 0
1 1 2 1 1663 0
1 1 2 1 1564 0
1 1 2 1 1640 0
1 1 2 1 1690 0
1 1 2 1 1627 0
1 1 2 1 1576 0
1 1 2 1 1626 0
1 1 2 1 1708 0
1 1 2 1 1610 0
1 1 2 1 1597 0
1 1 2 1 1692 0
1 1 2 1 1684 0
1 1 2 1 1568 0
1 1 2 1 1546 0
1 1 2 1 1637 0
1 1 2 1 1668 0
1 1 2 1 1574 0
1 1 2 1 1532 0
1 1 2 1 1589 0
1 1 2 1 1608 0
1 1 2 1 1535 0
1 1 2 1 1627 0
1 1 2 1 1623 0
1 1 2 1 1601 0
1 1 2 1 1556 0
1 1 2 1 1607 0
1 1 3 1 1565 -60
1 1 3 1 1396 -60
1 1 3 1 1070 -60
1 1 3 1 760 -60
1 1 3 1 573 -60
1 1 3 1 370 -60
1 1 3 1 219 -60
1 1 3 1 137 -60
1 1 3 1 115 -60
1 1 3 1 111 -60
1 1 3 1 111 -60
1 1 3 1 112 -60
1 1 3 1 112 -60
1 1 3 1 109 -60
1 1 3 1 110 -60
0 0 3 1 112 0
0 0 3 1 109 0
0 0 3 1 110 0
0 0 3 1 111 0
0 0 3 1 110 0
0 0 3 1 109 0
0 0 3 1 109 0
0 0 3 1 107 0
0 0 3 1 109 0
0 0 3 1 112 0
