切换PID
0 0 0 0 110 0
0 0 0 0 109 0
0 0 0 0 112 0
0 0 0 0 111 0
0 0 0 0 110 0
0 0 0 0 111 0
0 0 0 0 108 0
0 0 0 0 108 0
0 0 0 0 112 0
0 0 0 0 113 0
0 0 0 0 109 0
0 0 0 0 108 0
0 0 0 0 111 0
0 0 0 0 106 0
0 0 0 0 108 0
0 0 0 0 112 0
0 0 0 0 114 0
0 0 0 0 107 0
0 0 0 0 113 0
0 0 0 0 115 0
0 0 0 0 110 0
0 0 0 0 114 0
0 0 0 0 111 0
0 0 0 0 111 0
0 0 0 0 113 0
0 0 0 0 112 0
0 0 0 0 110 0
0 0 0 0 110 0
0 0 0 0 110 0
0 0 0 0 110 0
0 0 0 0 115 0
0 0 0 0 111 0
0 0 0 0 113 0
1 0 0 0 112 0
1 0 0 0 111 0
1 0 0 0 111 0
1 0 0 0 113 0
1 0 0 0 113 0
1 1 2 0 112 0
1 1 2 0 112 0
1 1 2 0 113 0
1 1 2 0 112 0
1 1 2 0 110 0
1 1 2 0 112 0
1 1 2 0 111 0
1 1 2 0 110 0
1 1 2 0 111 0
1 1 2 0 113 0
1 1 2 0 111 0
1 1 2 0 110 0
1 1 2 0 115 0
1 1 2 0 110 0
1 1 2 0 113 0
1 1 2 0 116 0
1 1 2 0 190 0
1 1 2 0 402 0
1 1 2 0 704 0
1 1 2 0 927 0
1 1 2 0 933 0
1 1 2 0 1030 0
1 1 2 0 1077 0
1 1 2 0 1035 0
1 1 2 0 1006 0
1 1 2 0 986 0
1 1 2 0 998 0
1 1 2 0 1013 0
1 1 2 0 1057 0
1 1 2 0 992 0
1 1 2 0 962 0
1 1 2 0 957 0
1 1 2 1 995 0
1 1 2 1 1018 0
1 1 2 1 945 0
1 1 2 1 955 0
1 1 2 1 938 0
1 1 2 1 906 0
1 1 2 1 893 0
1 1 2 1 892 0
1 1 2 1 898 0
1 1 2 1 873 0
1 1 2 1 845 0
1 1 2 1 909 0
1 1 2 1 859 0
1 1 2 1 863 0
1 1 2 1 866 0
1 1 2 1 851 0
1 1 2 1 902 0
1 1 2 1 884 0
1 1 2 1 921 0
1 1 2 1 994 0
1 1 2 1 987 0
1 1 2 1 989 0
1 1 2 1 1014 0
1 1 2 1 1018 0
1 1 2 1 986 0
1 1 2 1 989 0
1 1 2 1 1017 0
1 1 2 1 1035 0
1 1 2 1 1020 0
1 1 2 1 1035 0
1 1 2 1 1063 0
1 1 2 1 998 0
1 1 2 1 1022 0
1 1 2 1 1053 0
1 1 2 1 1022 0
1 1 2 1 1048 0
1 1 2 1 1045 0
1 1 2 1 1040 0
1 1 2 1 1032 0
1 1 2 1 1059 0
1 1 2 1 1082 0
1 1 2 1 1042 0
1 1 2 1 1071 0
1 1 2 1 1083 0
1 1 2 1 1068 0
1 1 2 1 1116 0
1 1 2 1 1048 0
1 1 2 1 1108 0
1 1 2 1 1204 0
1 1 2 1 1131 0
1 1 2 1 1120 0
1 1 2 1 1134 0
1 1 2 1 1148 0
1 1 2 1 1150 0
1 1 2 1 1149 0
1 1 2 1 1131 0
1 1 2 1 1113 0
1 1 2 1 1135 0
1 1 2 1 1147 0
1 1 2 1 1116 0
1 1 2 1 1133 0
1 1 2 1 1082 0
1 1 2 1 1066 0
1 1 2 1 1089 0
1 1 2 1 1081 0
1 1 2 1 1059 0
1 1 2 1 1077 0
1 1 2 1 1060 0
1 1 2 1 1017 0
1 1 2 1 992 0
1 1 2 1 1006 0
1 1 2 1 990 0
1 1 2 1 996 0
1 1 2 1 1014 0
1 1 2 1 973 0
1 1 2 1 1004 0
1 1 2 1 1045 0
1 1 2 1 1070 0
1 1 2 1 1037 0
1 1 2 1 1056 0
1 1 2 1 1023 0
1 1 2 1 1057 0
1 1 2 1 1037 0
1 1 2 1 1042 0
1 1 2 1 1050 0
1 1 2 1 1024 0
1 1 2 1 1042 0
1 1 2 1 1064 0
1 1 2 1 1059 0
1 1 2 1 1042 0
1 1 2 1 1064 0
1 1 2 1 1029 0
1 1 2 1 1051 0
1 1 2 1 1044 0
1 1 2 1 1076 0
1 1 2 1 1105 0
1 1 2 1 1077 0
1 1 2 1 1017 0
1 1 2 1 1016 0
1 1 2 1 1057 0
1 1 2 1 1086 0
1 1 2 1 1078 0
1 1 2 1 1143 0
1 1 2 1 1172 0
1 1 2 1 1124 0
1 1 2 1 1115 0
1 1 2 1 1140 0
1 1 2 1 1151 0
1 1 2 1 1107 0
1 1 2 1 1109 0
1 1 2 1 1127 0
1 1 2 1 1085 0
1 1 2 1 1046 0
1 1 2 1 1047 0
1 1 2 1 1054 0
1 1 2 1 1100 0
1 1 2 1 1139 0
1 1 2 1 1095 0
1 1 2 1 1108 0
1 1 2 1 1103 0
1 1 2 1 1101 0
1 1 2 1 1090 0
1 1 2 1 1079 0
1 1 2 1 1156 0
1 1 2 1 1133 0
1 1 2 1 1135 0
1 1 2 1 1110 0
1 1 2 1 1180 0
1 1 2 1 1121 0
1 1 2 1 1124 0
1 1 2 1 1166 0
1 1 2 1 1217 0
1 1 2 1 1214 0
1 1 2 1 1225 0
1 1 2 1 1180 0
1 1 2 1 1213 0
1 1 2 1 1202 0
1 1 2 1 1158 0
1 1 2 1 1168 0
1 1 2 1 1159 0
1 1 2 1 1129 0
1 1 2 1 1172 0
1 1 3 1 1119 -60
1 1 3 1 911 -60
1 1 3 1 696 -60
1 1 3 1 508 -60
1 1 3 1 295 -60
1 1 3 1 110 -60
1 1 3 1 111 -60
1 1 3 1 110 -60
1 1 3 1 111 -60
1 1 3 1 109 -60
1 1 3 1 110 -60
1 1 3 1 112 -60
1 1 3 1 111 -60
1 1 3 1 112 -60
0 0 3 1 113 0
0 0 3 1 112 0
0 0 3 1 111 0
0 0 3 1 109 0
0 0 3 1 110 0
0 0 3 1 110 0
0 0 3 1 106 0
0 0 3 1 107 0
0 0 3 1 114 0
