不切换PID，P=1.5 I=1 D=0.5
0 0 0 0 105 0
0 0 0 0 106 0
0 0 0 0 107 0
0 0 0 0 111 0
0 0 0 0 107 0
0 0 0 0 110 0
0 0 0 0 108 0
0 0 0 0 105 0
0 0 0 0 106 0
0 0 0 0 108 0
0 0 0 0 107 0
0 0 0 0 108 0
0 0 0 0 105 0
0 0 0 0 108 0
0 0 0 0 108 0
0 0 0 0 108 0
0 0 0 0 108 0
0 0 0 0 108 0
0 0 0 0 106 0
0 0 0 0 108 0
0 0 0 0 107 0
0 0 0 0 108 0
0 0 0 0 106 0
0 0 0 0 105 0
0 0 0 0 108 0
0 0 0 0 108 0
0 0 0 0 107 0
0 0 0 0 112 0
0 0 0 0 106 0
0 0 0 0 108 0
0 0 0 0 107 0
0 0 0 0 103 0
0 0 0 0 108 0
1 0 0 0 109 0
1 0 0 0 105 0
1 0 0 0 105 0
1 0 0 0 109 0
1 0 0 0 109 0
1 1 2 0 108 0
1 1 2 0 107 0
1 1 2 0 107 0
1 1 2 0 107 0
1 1 2 0 105 0
1 1 2 0 110 0
1 1 2 0 107 0
1 1 2 0 107 0
1 1 2 0 104 0
1 1 2 0 107 0
1 1 2 0 107 0
1 1 2 0 109 0
1 1 2 0 107 0
1 1 2 0 108 0
1 1 2 0 109 0
1 1 2 0 117 0
1 1 2 0 256 0
1 1 2 0 555 0
1 1 2 0 723 0
1 1 2 0 813 0
1 1 2 0 876 0
1 1 2 0 905 0
1 1 2 0 940 0
1 1 2 0 987 0
1 1 2 0 1026 0
1 1 2 0 1058 0
1 1 2 0 993 0
1 1 2 0 1021 0
1 1 2 0 1017 0
1 1 2 1 1009 0
1 1 2 1 969 0
1 1 2 1 982 0
1 1 2 1 955 0
1 1 2 1 978 0
1 1 2 1 989 0
1 1 2 1 1003 0
1 1 2 1 986 0
1 1 2 1 1029 0
1 1 2 1 1020 0
1 1 2 1 993 0
1 1 2 1 1044 0
1 1 2 1 998 0
1 1 2 1 988 0
1 1 2 1 951 0
1 1 2 1 939 0
1 1 2 1 918 0
1 1 2 1 888 0
1 1 2 1 907 0
1 1 2 1 864 0
1 1 2 1 875 0
1 1 2 1 858 0
1 1 2 1 860 0
1 1 2 1 891 0
1 1 2 1 860 0
1 1 2 1 900 0
1 1 2 1 918 0
1 1 2 1 907 0
1 1 2 1 908 0
1 1 2 1 918 0
1 1 2 1 931 0
1 1 2 1 931 0
1 1 2 1 955 0
1 1 2 1 954 0
1 1 2 1 973 0
1 1 2 1 1018 0
1 1 2 1 1048 0
1 1 2 1 1058 0
1 1 2 1 1073 0
1 1 2 1 1063 0
1 1 2 1 1057 0
1 1 2 1 1066 0
1 1 2 1 1044 0
1 1 2 1 1079 0
1 1 2 1 1038 0
1 1 2 1 1087 0
1 1 2 1 1170 0
1 1 2 1 1132 0
1 1 2 1 1144 0
1 1 2 1 1149 0
1 1 2 1 1125 0
1 1 2 1 1093 0
1 1 2 1 1115 0
1 1 2 1 1087 0
1 1 2 1 1098 0
1 1 2 1 1116 0
1 1 2 1 1109 0
1 1 2 1 1093 0
1 1 2 1 1087 0
1 1 2 1 1043 0
1 1 2 1 987 0
1 1 2 1 991 0
1 1 2 1 988 0
1 1 2 1 1024 0
1 1 2 1 1001 0
1 1 2 1 957 0
1 1 2 1 956 0
1 1 2 1 966 0
1 1 2 1 936 0
1 1 2 1 914 0
1 1 2 1 1020 0
1 1 2 1 1036 0
1 1 2 1 990 0
1 1 2 1 1003 0
1 1 2 1 1012 0
1 1 2 1 1044 0
1 1 2 1 1048 0
1 1 2 1 1059 0
1 1 2 1 1056 0
1 1 2 1 1108 0
1 1 2 1 1098 0
1 1 2 1 1130 0
1 1 2 1 1120 0
1 1 2 1 1134 0
1 1 2 1 1120 0
1 1 2 1 1129 0
1 1 2 1 1154 0
1 1 2 1 1150 0
1 1 2 1 1132 0
1 1 2 1 1147 0
1 1 2 1 1157 0
1 1 2 1 1109 0
1 1 2 1 1124 0
1 1 2 1 1144 0
1 1 2 1 1124 0
1 1 2 1 1122 0
1 1 2 1 1081 0
1 1 2 1 1100 0
1 1 2 1 1121 0
1 1 2 1 1086 0
1 1 2 1 1110 0
1 1 2 1 1074 0
1 1 2 1 1103 0
1 1 2 1 1119 0
1 1 2 1 1138 0
1 1 2 1 1130 0
1 1 2 1 1129 0
1 1 2 1 1143 0
1 1 2 1 1140 0
1 1 2 1 1118 0
1 1 2 1 1080 0
1 1 2 1 1106 0
1 1 2 1 1134 0
1 1 2 1 1156 0
1 1 2 1 1157 0
1 1 2 1 1189 0
1 1 3 1 1207 -60
1 1 3 1 1002 -60
1 1 3 1 762 -60
1 1 3 1 585 -60
1 1 3 1 401 -60
1 1 3 1 253 -60
1 1 3 1 118 -60
1 1 3 1 113 -60
1 1 3 1 111 -60
1 1 3 1 111 -60
1 1 3 1 112 -60
1 1 3 1 110 -60
1 1 3 1 110 -60
1 1 3 1 112 -60
0 0 3 1 113 0
0 0 3 1 111 0
0 0 3 1 111 0
0 0 3 1 108 0
0 0 3 1 108 0
0 0 3 1 113 0
0 0 3 1 109 0
0 0 3 1 110 0
0 0 3 1 108 0
0 0 3 1 113 0
0 0 3 1 111 0
0 0 3 1 109 0
0 0 3 1 112 0
0 0 3 1 110 0
0 0 3 1 107 0
