飞行日志7_20_3：
和2完全相同
flag.fly_ready || flag.taking_off || flag.auto_take_off_land || one_key_taof_start || tof_height_mm || auto_taking_off_speed
1 1 2 0 139 0
1 1 2 0 137 0
1 1 2 0 139 0
1 1 2 0 140 0
1 1 2 0 139 0
1 1 2 0 138 0
1 1 2 0 137 0
1 1 2 0 140 0
1 1 2 0 147 0
1 1 2 0 162 0
1 1 2 0 200 0
1 1 2 0 240 0
1 1 2 0 289 0
1 1 2 0 338 0
1 1 2 0 388 0
1 1 2 0 430 0
1 1 2 0 486 0
1 1 2 0 544 0
1 1 2 0 640 0
1 1 2 0 725 0
1 1 2 0 802 0
1 1 2 0 912 0
1 1 2 0 994 0
1 1 2 0 1082 0
1 1 2 0 1201 0
1 1 2 0 1257 0
1 1 2 0 1354 0
1 1 2 0 1326 0
1 1 2 0 1271 0
1 1 2 0 1242 0
1 1 2 0 1230 0
1 1 2 0 1174 0
1 1 2 0 1162 0
1 1 2 0 1152 0
1 1 2 0 1125 0
1 1 2 0 1123 0
1 1 2 0 1107 0
1 1 2 0 1104 0
1 1 2 0 1137 0
1 1 2 0 1113 0
1 1 2 0 1095 0
1 1 2 0 1068 0
1 1 2 0 1059 0
1 1 2 0 1032 0
1 1 2 0 1033 0
1 1 2 0 995 0
1 1 2 0 986 0
1 1 2 0 961 0
1 1 2 0 944 0
1 1 2 0 946 0
1 1 2 0 942 0
1 1 2 0 924 0
1 1 2 0 921 0
1 1 2 0 936 0
1 1 2 0 939 0
1 1 2 0 964 0
1 1 2 0 963 0
1 1 2 0 994 0
1 1 2 0 981 0
1 1 2 0 982 0
1 1 2 0 1009 0
1 1 2 0 991 0
1 1 2 0 1006 0
1 1 2 0 999 0
1 1 2 0 1012 0
1 1 2 0 993 0
1 1 2 0 994 0
1 1 2 0 961 0
1 1 2 0 954 0
1 1 2 0 940 0
1 1 2 0 931 0
1 1 2 0 918 0
1 1 2 0 927 0
1 1 2 0 903 0
1 1 2 0 915 0
1 1 2 0 903 0
1 1 2 0 907 0
1 1 2 0 876 0
1 1 2 0 894 0
1 1 2 0 900 0
1 1 2 0 916 0
1 1 2 0 909 0
1 1 2 0 915 0
1 1 2 0 920 0
1 1 3 0 963 -572
1 1 3 0 932 -572
1 1 3 0 799 -572
1 1 3 0 636 -572
1 1 3 0 448 -572
1 1 3 0 251 -572
1 1 3 0 145 -572
1 1 3 0 165 -572
1 1 3 0 142 -572
1 1 3 0 135 -572
1 1 3 0 138 -572
1 1 3 0 138 -572
1 1 3 0 138 -572
1 1 3 0 137 -572
1 1 3 0 141 -572
1 1 3 0 136 -572
1 1 3 0 137 -572
1 1 3 0 138 -572
1 1 3 0 139 -572
1 1 3 0 140 -572
1 1 3 0 140 -572
1 1 3 0 137 -572
0 0 0 0 138 0
0 0 0 0 137 0
0 0 0 0 141 0
0 0 0 0 137 0
0 0 0 0 138 0
0 0 0 0 139 0
0 0 0 0 139 0
0 0 0 0 138 0
0 0 0 0 138 0
0 0 0 0 139 0
0 0 0 0 141 0
0 0 0 0 140 0
0 0 0 0 137 0
0 0 0 0 139 0
0 0 0 0 142 0
0 0 0 0 137 0
0 0 0 0 139 0
0 0 0 0 139 0
0 0 0 0 137 0
0 0 0 0 139 0
0 0 0 0 139 0
0 0 0 0 137 0
0 0 0 0 139 0
0 0 0 0 141 0
0 0 0 0 137 0
0 0 0 0 136 0
0 0 0 0 138 0
