0 0 0 0 138 0
0 0 0 0 136 0
0 0 0 0 136 0
0 0 0 0 138 0
0 0 0 0 139 0
0 0 0 0 136 0
0 0 0 0 140 0
0 0 0 0 139 0
0 0 0 0 141 0
0 0 0 0 140 0
0 0 0 0 141 0
0 0 0 0 138 0
0 0 0 0 139 0
0 0 0 0 140 0
0 0 0 0 141 0
0 0 0 0 141 0
0 0 0 0 139 0
0 0 0 0 138 0
0 0 0 0 141 0
0 0 0 0 141 0
0 0 0 0 138 0
0 0 0 0 140 0
0 0 0 0 141 0
0 0 0 0 139 0
0 0 0 0 141 0
0 0 0 0 141 0
0 0 0 0 142 0
0 0 0 0 137 0
0 0 0 0 139 0
0 0 0 0 140 0
0 0 0 0 139 0
0 0 0 0 140 0
0 0 0 0 145 0
0 0 0 0 139 0
0 0 0 0 140 0
0 0 0 0 142 0
0 0 0 0 141 0
0 0 0 0 142 0
0 0 0 0 140 0
0 0 0 0 140 0
1 0 0 241 140 0
1 0 0 235 141 0
1 0 0 229 139 0
1 0 0 223 137 0
1 0 0 217 140 0
1 0 0 211 139 0
1 1 2 0 140 0
1 1 2 0 140 0
1 1 2 0 137 0
1 1 2 0 137 0
1 1 2 0 139 0
1 1 2 0 137 0
1 1 2 0 137 0
1 1 2 0 138 0
1 1 2 0 142 0
1 1 2 0 135 0
1 1 2 0 138 0
1 1 2 0 136 0
1 1 2 0 140 0
1 1 2 0 138 0
1 1 2 0 137 0
1 1 2 0 139 0
1 1 2 0 137 0
1 1 2 0 140 0
1 1 2 0 137 0
1 1 2 0 138 0
1 1 2 0 137 0
1 1 2 0 140 0
1 1 2 0 139 0
1 1 2 0 140 0
1 1 2 0 137 0
1 1 2 0 137 0
1 1 2 0 141 0
1 1 2 0 137 0
1 1 2 0 139 0
1 1 2 0 141 0
1 1 2 0 141 0
1 1 2 0 139 0
1 1 2 0 139 0
1 1 2 0 143 0
1 1 2 0 144 0
1 1 2 0 151 0
1 1 2 0 163 0
1 1 2 0 182 0
1 1 2 0 225 0
1 1 2 0 265 0
1 1 2 0 309 0
1 1 2 0 369 0
1 1 3 0 406 -572
1 1 3 0 424 -572
1 1 3 0 399 -572
1 1 3 0 295 -572
1 1 3 0 199 -572
1 1 3 0 194 -572
1 1 3 0 170 -572
1 1 3 0 148 -572
1 1 3 0 143 -572
1 1 3 0 148 -572
1 1 3 0 149 -572
1 1 3 0 146 -572
1 1 3 0 150 -572
1 1 3 0 146 -572
1 1 3 0 148 -572
1 1 3 0 148 -572
1 1 3 0 148 -572
1 1 3 0 146 -572
1 1 3 0 146 -572
1 1 3 0 147 -572
1 1 3 0 147 -572
1 1 3 0 147 -572
1 1 3 0 149 -572
1 1 3 0 143 -572
1 1 3 0 144 -572
1 1 3 0 147 -572
1 1 3 0 148 -572
1 1 3 0 149 -572
1 1 3 0 147 -572
1 1 3 0 147 -572
1 1 3 0 145 -572
1 1 3 0 142 -572
1 1 3 0 147 -572
1 1 3 0 147 -572
1 1 3 0 145 -572
1 1 3 0 146 -572
1 1 3 0 144 -572
0 0 0 0 145 0
0 0 0 0 148 0
0 0 0 0 144 0
0 0 0 0 145 0
0 0 0 0 149 0
0 0 0 0 145 0
0 0 0 0 144 0
0 0 0 0 146 0
0 0 0 0 145 0
0 0 0 0 147 0
0 0 0 0 147 0
0 0 0 0 145 0
0 0 0 0 146 0
0 0 0 0 146 0
0 0 0 0 148 0
0 0 0 0 146 0
0 0 0 0 144 0
0 0 0 0 146 0
