0 0 0 0 137 0
0 0 0 0 138 0
0 0 0 0 136 0
0 0 0 0 139 0
0 0 0 0 140 0
0 0 0 0 140 0
0 0 0 0 139 0
0 0 0 0 139 0
0 0 0 0 139 0
0 0 0 0 139 0
0 0 0 0 142 0
0 0 0 0 142 0
0 0 0 0 140 0
0 0 0 0 139 0
0 0 0 0 141 0
0 0 0 0 142 0
0 0 0 0 142 0
0 0 0 0 141 0
0 0 0 0 143 0
0 0 0 0 139 0
0 0 0 0 143 0
0 0 0 0 143 0
0 0 0 0 141 0
0 0 0 0 142 0
0 0 0 0 140 0
0 0 0 0 142 0
0 0 0 0 142 0
0 0 0 0 142 0
0 0 0 0 142 0
0 0 0 0 143 0
0 0 0 0 140 0
0 0 0 0 141 0
0 0 0 0 143 0
0 0 0 0 141 0
0 0 0 0 141 0
0 0 0 0 145 0
0 0 0 0 140 0
0 0 0 0 142 0
0 0 0 0 140 0
0 0 0 0 140 0
1 0 0 241 139 0
1 0 0 235 139 0
1 0 0 229 140 0
1 0 0 223 142 0
1 0 0 217 141 0
1 0 0 211 141 0
1 1 2 0 141 0
1 1 2 0 142 0
1 1 2 0 141 0
1 1 2 0 144 0
1 1 2 0 141 0
1 1 2 0 140 0
1 1 2 0 141 0
1 1 2 0 139 0
1 1 2 0 139 0
1 1 2 0 143 0
1 1 2 0 142 0
1 1 2 0 141 0
1 1 2 0 139 0
1 1 2 0 140 0
1 1 2 0 143 0
1 1 2 0 141 0
1 1 2 0 139 0
1 1 2 0 139 0
1 1 2 0 138 0
1 1 2 0 141 0
1 1 2 0 140 0
1 1 2 0 141 0
1 1 2 0 139 0
1 1 2 0 141 0
1 1 2 0 138 0
1 1 2 0 140 0
1 1 2 0 138 0
1 1 2 0 140 0
1 1 2 0 140 0
1 1 2 0 139 0
1 1 2 0 140 0
1 1 2 0 142 0
1 1 2 0 144 0
1 1 2 0 144 0
1 1 2 0 146 0
1 1 2 0 158 0
1 1 2 0 182 0
1 1 2 0 218 0
1 1 2 0 267 0
1 1 3 0 302 -572
1 1 3 0 228 -572
1 1 3 0 144 -572
1 1 3 0 164 -572
1 1 3 0 144 -572
1 1 3 0 141 -572
1 1 3 0 137 -572
1 1 3 0 137 -572
1 1 3 0 138 -572
1 1 3 0 139 -572
1 1 3 0 138 -572
1 1 3 0 136 -572
1 1 3 0 139 -572
1 1 3 0 137 -572
1 1 3 0 137 -572
1 1 3 0 137 -572
1 1 3 0 137 -572
1 1 3 0 137 -572
1 1 3 0 136 -572
1 1 3 0 140 -572
1 1 3 0 138 -572
1 1 3 0 136 -572
1 1 3 0 133 -572
1 1 3 0 133 -572
1 1 3 0 135 -572
1 1 3 0 139 -572
1 1 3 0 137 -572
1 1 3 0 138 -572
1 1 3 0 135 -572
1 1 3 0 136 -572
1 1 3 0 139 -572
0 0 0 0 138 0
0 0 0 0 136 0
0 0 0 0 137 0
0 0 0 0 135 0
0 0 0 0 139 0
0 0 0 0 134 0
0 0 0 0 135 0
0 0 0 0 138 0
0 0 0 0 138 0
0 0 0 0 136 0
0 0 0 0 138 0
0 0 0 0 138 0
0 0 0 0 134 0
0 0 0 0 137 0
0 0 0 0 139 0
0 0 0 0 138 0
0 0 0 0 137 0
0 0 0 0 137 0
0 0 0 0 138 0
0 0 0 0 138 0
0 0 0 0 140 0
102 102 102 0 0 0
33 62 73 0 0 0
0 0 0 0 135 0
0 0 0 0 139 0
0 0 0 0 140 0
102 102 102 0 140 0
33 62 73 0 140 0
102 102 102 0 0 0
33 62 73 0 0 0
0 0 0 0 138 0
0 0 0 0 0 0
102 102 102 0 0 0
33 62 73 0 0 0
0 0 0 0 135 0
102 102 102 0 0 0
33 62 73 0 0 0
0 0 0 0 137 0
0 0 0 0 136 0
0 0 0 0 137 0
33 62 73 0 0 0
33 62 73 0 0 0
33 62 73 0 0 0
