0 0 0 0 140 0
0 0 0 0 140 0
0 0 0 0 141 0
0 0 0 0 137 0
0 0 0 0 139 0
0 0 0 0 140 0
0 0 0 0 139 0
0 0 0 0 138 0
0 0 0 0 138 0
0 0 0 0 138 0
0 0 0 0 139 0
0 0 0 0 137 0
0 0 0 0 137 0
0 0 0 0 138 0
0 0 0 0 142 0
0 0 0 0 138 0
0 0 0 0 141 0
0 0 0 0 139 0
0 0 0 0 139 0
0 0 0 0 140 0
0 0 0 0 139 0
0 0 0 0 135 0
0 0 0 0 139 0
0 0 0 0 139 0
0 0 0 0 141 0
0 0 0 0 139 0
0 0 0 0 136 0
0 0 0 0 136 0
0 0 0 0 138 0
0 0 0 0 139 0
0 0 0 0 138 0
0 0 0 0 140 0
0 0 0 0 138 0
0 0 0 0 139 0
0 0 0 0 139 0
0 0 0 0 139 0
0 0 0 0 135 0
0 0 0 0 141 0
0 0 0 0 139 0
0 0 0 0 136 0
1 0 0 241 138 0
1 0 0 235 143 0
1 0 0 229 140 0
1 0 0 223 140 0
1 0 0 217 140 0
1 0 0 211 139 0
1 1 2 0 139 0
1 1 2 0 140 0
1 1 2 0 138 0
1 1 2 0 140 0
1 1 2 0 140 0
1 1 2 0 138 0
1 1 2 0 138 0
1 1 2 0 136 0
1 1 2 0 137 0
1 1 2 0 139 0
1 1 2 0 138 0
1 1 2 0 138 0
1 1 2 0 140 0
1 1 2 0 138 0
1 1 2 0 141 0
1 1 2 0 142 0
1 1 2 0 141 0
1 1 2 0 139 0
1 1 2 0 140 0
1 1 2 0 141 0
1 1 2 0 140 0
1 1 2 0 138 0
1 1 2 0 139 0
1 1 2 0 141 0
1 1 2 0 140 0
1 1 2 0 139 0
1 1 2 0 137 0
1 1 2 0 138 0
1 1 2 0 142 0
1 1 2 0 140 0
1 1 2 0 143 0
1 1 2 0 154 0
1 1 2 0 164 0
1 1 2 0 193 0
1 1 2 0 228 0
1 1 2 0 268 0
1 1 2 0 308 0
1 1 2 0 350 0
1 1 2 0 404 0
1 1 2 0 447 0
1 1 2 0 500 0
1 1 2 0 552 0
1 1 2 0 612 0
1 1 2 0 670 0
1 1 2 0 769 0
1 1 2 0 859 0
1 1 2 0 910 0
1 1 2 0 970 0
1 1 2 0 1030 0
1 1 2 0 1101 0
1 1 2 0 1169 0
1 1 2 0 1278 -768
1 1 2 0 1329 0
1 1 2 0 1294 0
1 1 2 0 1282 0
1 1 2 0 1234 0
1 1 2 0 1229 0
1 1 2 0 1196 0
1 1 2 0 1188 0
1 1 2 0 1198 0
1 1 2 0 1199 0
1 1 2 0 1194 0
1 1 2 0 1184 0
1 1 2 0 1216 0
1 1 2 0 1201 0
1 1 2 0 1172 0
1 1 2 0 1148 0
1 1 2 0 1168 0
1 1 2 0 1169 0
1 1 2 0 1140 0
1 1 2 0 1158 0
1 1 2 0 1139 0
1 1 2 0 1118 0
1 1 2 0 1144 0
1 1 2 0 1129 0
1 1 2 0 1105 0
1 1 2 0 1086 0
1 1 2 0 1099 0
1 1 2 0 1102 0
1 1 2 0 1097 0
1 1 2 0 1106 0
1 1 2 0 1102 0
1 1 2 0 1114 0
1 1 2 0 1097 0
1 1 2 0 1140 0
1 1 2 0 1143 0
1 1 2 0 1149 0
1 1 2 0 1161 0
1 1 2 0 1182 0
1 1 2 0 1161 0
1 1 2 0 1179 0
1 1 2 0 1172 0
1 1 2 0 1183 0
1 1 2 0 1173 0
1 1 2 0 1159 0
1 1 2 0 1167 0
1 1 2 0 1160 0
1 1 2 0 1154 0
1 1 2 0 1126 0
1 1 2 0 1136 0
1 1 2 0 1130 0
1 1 2 0 1127 0
1 1 2 0 1138 0
1 1 2 0 1109 0
1 1 2 0 1098 0
1 1 2 0 1098 0
1 1 2 0 1065 0
1 1 2 0 1069 0
1 1 2 0 1071 0
1 1 2 0 1066 0
1 1 2 0 1082 0
1 1 2 0 1065 0
1 1 2 0 1105 0
1 1 2 0 1080 0
1 1 2 0 1075 0
1 1 2 0 1083 0
1 1 2 0 1066 0
1 1 2 0 1087 0
1 1 2 0 1081 0
1 1 2 0 1112 0
1 1 2 0 1143 0
1 1 2 0 1122 0
1 1 2 0 1156 0
1 1 2 0 1155 0
1 1 2 0 1165 0
1 1 2 0 1153 0
1 1 2 0 1141 0
1 1 2 0 1150 0
1 1 2 0 1166 0
1 1 2 0 1157 0
1 1 2 0 1158 0
1 1 2 0 1121 0
1 1 2 0 1118 0
1 1 2 0 1118 0
1 1 2 0 1120 0
1 1 2 0 1134 0
1 1 2 0 1126 0
1 1 2 0 1118 0
1 1 2 0 1125 0
1 1 2 0 1136 0
1 1 2 0 1138 0
1 1 2 0 1171 0
1 1 2 0 1181 0
1 1 2 0 1208 0
1 1 2 0 1222 0
1 1 2 0 1215 0
1 1 2 0 1256 0
1 1 2 0 1254 0
1 1 2 0 1272 0
1 1 2 0 1294 0
1 1 2 0 1271 0
1 1 2 0 1260 0
1 1 2 0 1257 0
1 1 2 0 1256 0
1 1 2 0 1239 0
1 1 2 0 1268 0
1 1 2 0 1243 0
1 1 2 0 1247 0
1 1 2 0 1249 0
1 1 2 0 1219 0
1 1 2 0 1214 0
1 1 2 0 1221 0
1 1 2 0 1177 0
1 1 2 0 1183 0
1 1 2 0 1168 0
1 1 2 0 1173 0
1 1 2 0 1145 0
1 1 2 0 1129 0
1 1 2 0 1140 0
1 1 2 0 1133 0
1 1 2 0 1141 0
1 1 2 0 1128 0
1 1 2 0 1150 0
1 1 2 0 1146 0
1 1 2 0 1153 0
1 1 2 0 1142 0
1 1 2 0 1169 0
1 1 2 0 1156 0
1 1 2 0 1169 0
1 1 2 0 1182 0
1 1 2 0 1176 0
1 1 2 0 1233 0
1 1 2 0 1194 0
1 1 2 0 1202 0
1 1 2 0 1245 0
1 1 2 0 1239 0
1 1 2 0 1213 0
1 1 2 0 1243 0
1 1 2 0 1254 0
1 1 2 0 1238 0
1 1 2 0 1222 0
1 1 2 0 1188 0
1 1 2 0 1208 0
1 1 2 0 1197 0
1 1 2 0 1185 0
1 1 2 0 1216 0
1 1 2 0 1216 0
1 1 2 0 1195 0
1 1 2 0 1171 0
1 1 2 0 1165 0
1 1 2 0 1148 0
1 1 2 0 1139 0
1 1 2 0 1135 0
1 1 2 0 1116 0
1 1 2 0 1086 0
1 1 2 0 1074 0
1 1 2 0 1096 0
1 1 2 0 1085 0
1 1 2 0 1113 0
1 1 2 0 1109 0
1 1 2 0 1118 0
1 1 2 0 1115 0
1 1 2 0 1114 0
1 1 2 0 1136 0
1 1 2 0 1119 0
1 1 2 0 1149 0
1 1 2 0 1149 0
1 1 2 0 1160 0
1 1 2 0 1154 0
1 1 2 0 1157 0
1 1 2 0 1174 0
1 1 2 0 1160 0
1 1 2 0 1169 0
1 1 2 0 1157 0
1 1 2 0 1151 0
1 1 2 0 1142 0
1 1 2 0 1168 0
1 1 2 0 1165 0
1 1 2 0 1153 0
1 1 2 0 1143 0
1 1 2 0 1172 0
1 1 2 0 1161 0
1 1 2 0 1165 0
1 1 2 0 1160 0
1 1 2 0 1176 0
1 1 2 0 1199 0
1 1 2 0 1183 0
1 1 2 0 1188 0
1 1 2 0 1194 0
1 1 2 0 1221 0
1 1 2 0 1215 0
1 1 2 0 1214 0
1 1 2 0 1233 0
1 1 2 0 1245 0
1 1 2 0 1229 0
1 1 2 0 1218 0
1 1 2 0 1230 0
1 1 2 0 1245 0
1 1 2 0 1218 0
1 1 2 0 1201 0
1 1 2 0 1218 0
1 1 2 0 1189 0
1 1 2 0 1179 0
1 1 2 0 1188 0
1 1 2 0 1160 0
1 1 2 0 1189 0
1 1 2 0 1168 0
1 1 2 0 1161 0
1 1 2 0 1164 0
1 1 2 0 1141 0
1 1 2 0 1173 0
1 1 2 0 1148 0
1 1 2 0 1130 0
1 1 2 0 1156 0
1 1 2 0 1170 0
1 1 2 0 1138 0
1 1 2 0 1130 0
1 1 2 0 1161 0
1 1 2 0 1153 0
1 1 2 0 1169 0
1 1 2 0 1176 0
1 1 2 0 1167 0
1 1 2 0 1165 0
1 1 2 0 1156 0
1 1 2 0 1175 0
1 1 2 0 1146 0
1 1 2 0 1156 0
1 1 2 0 1173 0
1 1 2 0 1157 0
1 1 2 0 1137 0
1 1 2 0 1133 0
1 1 2 0 1136 0
1 1 2 0 1146 0
1 1 2 0 1176 0
1 1 2 0 1173 0
1 1 2 0 1162 0
1 1 2 0 1154 0
1 1 2 0 1162 0
1 1 2 0 1151 0
1 1 2 0 1135 0
1 1 2 0 1154 0
1 1 2 0 1139 0
1 1 2 0 1143 0
1 1 2 0 1117 0
1 1 2 0 1136 0
1 1 2 0 1143 0
1 1 2 0 1120 0
1 1 2 0 1145 0
1 1 2 0 1117 0
1 1 2 0 1126 0
1 1 2 0 1139 0
1 1 2 0 1152 0
1 1 2 0 1152 0
1 1 2 0 1168 0
1 1 2 0 1192 0
1 1 2 0 1157 0
1 1 2 0 1165 0
1 1 2 0 1159 0
1 1 2 0 1157 0
1 1 2 0 1160 0
1 1 2 0 1195 0
1 1 2 0 1213 0
1 1 2 0 1204 0
1 1 2 0 1235 0
1 1 2 0 1218 0
1 1 2 0 1221 0
1 1 2 0 1215 0
1 1 2 0 1189 0
1 1 2 0 1186 0
1 1 2 0 1197 0
1 1 2 0 1177 0
1 1 2 0 1189 0
1 1 2 0 1201 0
1 1 2 0 1206 0
1 1 2 0 1193 0
1 1 2 0 1179 0
1 1 2 0 1196 0
1 1 2 0 1191 0
1 1 2 0 1201 0
1 1 2 0 1195 0
1 1 2 0 1215 0
1 1 2 0 1187 0
1 1 2 0 1188 0
1 1 2 0 1168 0
1 1 2 0 1159 0
1 1 2 0 1185 0
1 1 2 0 1178 0
1 1 2 0 1162 0
1 1 2 0 1183 0
1 1 2 0 1188 0
1 1 2 0 1157 0
1 1 2 0 1159 0
1 1 2 0 1176 0
1 1 2 0 1149 0
1 1 2 0 1117 0
1 1 2 0 1107 0
1 1 2 0 1123 0
1 1 2 0 1106 0
1 1 2 0 1112 0
1 1 2 0 1102 0
1 1 2 0 1106 0
1 1 2 0 1102 0
1 1 2 0 1131 0
1 1 2 0 1116 0
1 1 2 0 1128 0
1 1 2 0 1149 0
1 1 2 0 1138 0
1 1 2 0 1135 0
1 1 2 0 1123 0
1 1 2 0 1116 0
1 1 2 0 1135 0
1 1 2 0 1116 0
1 1 2 0 1116 0
1 1 2 0 1112 0
1 1 2 0 1108 0
1 1 2 0 1109 0
1 1 2 0 1113 0
1 1 2 0 1090 0
1 1 2 0 1115 0
1 1 2 0 1101 0
1 1 2 0 1104 0
1 1 2 0 1133 0
1 1 2 0 1136 0
1 1 2 0 1140 0
1 1 2 0 1148 0
1 1 2 0 1168 0
1 1 2 0 1171 0
1 1 2 0 1141 0
1 1 2 0 1128 0
1 1 2 0 1115 0
1 1 2 0 1133 0
1 1 2 0 1111 0
1 1 2 0 1092 0
1 1 2 0 1086 0
1 1 2 0 1093 0
1 1 2 0 1088 0
1 1 2 0 1061 0
1 1 2 0 1082 0
1 1 2 0 1081 0
1 1 2 0 1085 0
1 1 2 0 1067 0
1 1 2 0 1081 0
1 1 2 0 1085 0
1 1 2 0 1044 0
1 1 2 0 1069 0
1 1 2 0 1076 0
1 1 2 0 1079 0
1 1 2 0 1088 0
1 1 2 0 1107 0
1 1 2 0 1088 0
1 1 2 0 1121 0
1 1 2 0 1114 0
1 1 2 0 1136 0
1 1 2 0 1151 0
1 1 2 0 1154 0
1 1 2 0 1180 0
1 1 2 0 1164 0
1 1 2 0 1174 0
1 1 2 0 1188 0
1 1 2 0 1218 0
1 1 2 0 1193 0
1 1 2 0 1198 0
1 1 2 0 1165 0
1 1 2 0 1165 0
1 1 2 0 1169 0
1 1 2 0 1173 0
1 1 2 0 1147 0
1 1 2 0 1169 0
1 1 2 0 1165 0
1 1 2 0 1182 0
1 1 2 0 1202 0
1 1 2 0 1182 0
1 1 2 0 1178 0
1 1 2 0 1176 0
1 1 2 0 1154 0
1 1 2 0 1161 0
1 1 2 0 1142 0
1 1 2 0 1148 0
1 1 2 0 1137 0
1 1 2 0 1126 0
1 1 2 0 1124 0
1 1 2 0 1161 0
1 1 2 0 1150 0
1 1 2 0 1157 0
1 1 2 0 1172 0
1 1 2 0 1167 0
1 1 2 0 1169 0
1 1 2 0 1158 0
1 1 2 0 1151 0
1 1 2 0 1131 0
1 1 2 0 1111 0
1 1 2 0 1108 0
1 1 2 0 1073 0
1 1 2 0 1098 0
1 1 2 0 1096 0
1 1 2 0 1081 0
1 1 2 0 1067 0
1 1 2 0 1068 0
1 1 2 0 1060 0
1 1 2 0 1078 0
1 1 2 0 1070 0
1 1 2 0 1082 0
1 1 2 0 1109 0
1 1 2 0 1076 0
1 1 2 0 1073 0
1 1 2 0 1074 0
1 1 2 0 1049 0
1 1 2 0 1042 0
1 1 2 0 1058 0
1 1 2 0 1068 0
1 1 2 0 1085 0
1 1 2 0 1113 0
1 1 2 0 1125 0
1 1 2 0 1142 0
1 1 2 0 1153 0
1 1 2 0 1180 0
1 1 2 0 1190 0
1 1 2 0 1193 0
1 1 2 0 1202 0
1 1 2 0 1235 0
1 1 2 0 1234 0
1 1 2 0 1241 0
1 1 2 0 1221 0
1 1 2 0 1219 0
1 1 2 0 1198 0
1 1 2 0 1194 0
1 1 2 0 1208 0
1 1 2 0 1210 0
1 1 2 0 1175 0
1 1 2 0 1181 0
1 1 2 0 1190 0
1 1 2 0 1177 0
1 1 2 0 1176 0
1 1 2 0 1179 0
1 1 2 0 1165 0
1 1 2 0 1180 0
1 1 2 0 1188 0
1 1 2 0 1167 0
1 1 2 0 1150 0
1 1 2 0 1150 0
1 1 2 0 1162 0
1 1 2 0 1169 0
1 1 2 0 1192 0
1 1 2 0 1175 0
1 1 2 0 1183 0
1 1 2 0 1206 0
1 1 2 0 1211 0
1 1 2 0 1253 0
1 1 2 0 1245 0
1 1 2 0 1226 0
1 1 2 0 1211 0
1 1 2 0 1220 0
1 1 2 0 1222 0
1 1 2 0 1238 0
1 1 2 0 1231 0
1 1 2 0 1223 0
1 1 2 0 1201 0
1 1 2 0 1192 0
1 1 2 0 1112 0
1 1 2 0 1124 0
1 1 2 0 1097 0
1 1 2 0 1124 0
1 1 2 0 1118 0
1 1 2 0 1122 0
1 1 2 0 1123 0
1 1 2 0 1126 0
1 1 2 0 1100 0
1 1 2 0 1100 0
1 1 2 0 1077 0
1 1 2 0 1098 0
1 1 2 0 1084 0
1 1 2 0 1098 0
1 1 2 0 1099 0
1 1 2 0 1107 0
1 1 2 0 1102 0
1 1 2 0 1108 0
1 1 2 0 1113 0
1 1 2 0 1108 0
1 1 2 0 1106 0
1 1 2 0 1097 0
1 1 2 0 1109 0
1 1 2 0 1107 0
1 1 2 0 1112 0
1 1 2 0 1129 0
1 1 2 0 1126 0
1 1 2 0 1125 0
1 1 2 0 1130 0
1 1 2 0 1142 0
1 1 2 0 1152 0
1 1 2 0 1125 0
1 1 2 0 1124 0
1 1 2 0 1130 0
1 1 2 0 1138 0
1 1 2 0 1140 0
1 1 2 0 1179 0
1 1 2 0 1180 0
1 1 2 0 1177 0
1 1 2 0 1192 0
1 1 2 0 1177 0
1 1 2 0 1143 0
1 1 2 0 1136 0
1 1 2 0 1130 0
1 1 2 0 1117 0
1 1 2 0 1129 0
1 1 2 0 1154 0
1 1 2 0 1140 0
1 1 2 0 1163 0
1 1 2 0 1149 0
1 1 2 0 1149 0
1 1 2 0 1133 0
1 1 2 0 1151 0
1 1 2 0 1130 0
1 1 2 0 1146 0
1 1 2 0 1108 0
1 1 2 0 1104 0
1 1 2 0 1092 0
1 1 2 0 1089 0
1 1 2 0 1061 0
1 1 2 0 1095 0
1 1 2 0 1111 0
1 1 2 0 1106 0
1 1 2 0 1101 0
1 1 2 0 1105 0
1 1 2 0 1113 0
1 1 2 0 1137 0
1 1 2 0 1139 0
1 1 2 0 1141 0
1 1 2 0 1183 0
1 1 2 0 1151 0
1 1 2 0 1170 0
1 1 2 0 1176 0
1 1 2 0 1182 0
1 1 2 0 1217 0
1 1 2 0 1223 0
1 1 2 0 1208 0
1 1 2 0 1231 0
1 1 2 0 1224 0
1 1 2 0 1235 0
1 1 2 0 1190 0
1 1 2 0 1208 0
1 1 2 0 1197 0
1 1 2 0 1187 0
1 1 2 0 1197 0
1 1 2 0 1175 0
1 1 2 0 1208 0
1 1 2 0 1207 0
1 1 2 0 1213 0
1 1 2 0 1223 0
1 1 2 0 1215 0
1 1 2 0 1225 0
1 1 2 0 1260 0
1 1 2 0 1230 0
1 1 2 0 1224 0
1 1 2 0 1220 0
1 1 2 0 1231 0
1 1 2 0 1181 0
1 1 2 0 1222 0
1 1 2 0 1204 0
1 1 2 0 1232 0
1 1 2 0 1232 0
1 1 2 0 1227 0
1 1 2 0 1189 0
1 1 2 0 1201 0
1 1 2 0 1204 0
1 1 2 0 1179 0
1 1 2 0 1182 0
1 1 2 0 1172 0
1 1 2 0 1195 0
1 1 2 0 1183 0
1 1 2 0 1184 0
1 1 2 0 1208 0
1 1 2 0 1191 0
1 1 2 0 1185 0
1 1 2 0 1162 0
1 1 2 0 1162 0
1 1 2 0 1118 0
1 1 2 0 1138 0
1 1 2 0 1100 0
1 1 2 0 1093 0
1 1 2 0 1102 0
1 1 2 0 1099 0
1 1 2 0 1086 0
1 1 2 0 1100 0
1 1 2 0 1105 0
1 1 2 0 1100 0
1 1 2 0 1109 0
1 1 2 0 1126 0
1 1 2 0 1128 0
1 1 2 0 1121 0
1 1 2 0 1148 0
1 1 2 0 1145 0
1 1 2 0 1138 0
1 1 2 0 1128 0
1 1 2 0 1095 0
1 1 2 0 1090 0
1 1 2 0 1084 0
1 1 2 0 1048 0
1 1 2 0 1078 0
1 1 2 0 1065 0
1 1 2 0 1085 0
1 1 2 0 1105 0
1 1 2 0 1116 0
1 1 2 0 1124 0
1 1 2 0 1110 0
1 1 2 0 1115 0
1 1 2 0 1118 0
1 1 2 0 1129 0
1 1 2 0 1128 0
1 1 2 0 1146 0
1 1 2 0 1122 0
1 1 2 0 1106 0
1 1 2 0 1121 0
1 1 2 0 1141 0
1 1 2 0 1125 0
1 1 2 0 1096 0
1 1 2 0 1111 0
1 1 2 0 1097 0
1 1 2 0 1094 0
1 1 2 0 1083 0
1 1 2 0 1072 0
1 1 2 0 1061 0
1 1 2 0 1049 0
1 1 2 0 1043 0
1 1 2 0 1058 0
1 1 3 0 1052 -259
1 1 3 0 976 -259
1 1 3 0 782 -259
1 1 3 0 605 -259
1 1 3 0 442 -259
1 1 3 0 291 -259
1 1 3 0 163 -259
1 1 3 0 170 -259
1 1 3 0 141 -259
1 1 3 0 143 -259
1 1 3 0 141 -259
1 1 3 0 142 -259
1 1 3 0 143 -259
1 1 3 0 144 -259
1 1 3 0 142 -259
1 1 3 0 142 -259
1 1 3 0 143 -259
1 1 3 0 142 -259
1 1 3 0 142 -259
1 1 3 0 139 -259
1 1 3 0 140 -259
1 1 3 0 141 -259
1 1 3 0 139 -259
1 1 3 0 141 -259
1 1 3 0 141 -259
0 0 0 0 140 0
0 0 0 0 139 0
0 0 0 0 139 0
0 0 0 0 141 0
0 0 0 0 141 0
0 0 0 0 141 0
0 0 0 0 140 0
0 0 0 0 141 0
0 0 0 0 141 0
0 0 0 0 143 0
0 0 0 0 140 0
0 0 0 0 140 0
0 0 0 0 139 0
0 0 0 0 141 0
0 0 0 0 142 0
0 0 0 0 144 0
33 62 73 0 0 0
102 102 102 0 0 0
33 62 73 0 0 0
0 0 0 0 141 0
33 62 73 0 0 0
33 62 73 0 0 0
