0 0 0 0 109 0
0 0 0 0 109 0
0 0 0 0 107 0
0 0 0 0 111 0
0 0 0 0 107 0
0 0 0 0 109 0
0 0 0 0 110 0
0 0 0 0 109 0
0 0 0 0 108 0
0 0 0 0 109 0
0 0 0 0 107 0
0 0 0 0 110 0
0 0 0 0 108 0
0 0 0 0 109 0
0 0 0 0 109 0
0 0 0 0 109 0
0 0 0 0 109 0
0 0 0 0 110 0
0 0 0 0 108 0
0 0 0 0 107 0
0 0 0 0 109 0
0 0 0 0 110 0
0 0 0 0 112 0
0 0 0 0 109 0
0 0 0 0 111 0
0 0 0 0 108 0
0 0 0 0 110 0
0 0 0 0 112 0
0 0 0 0 109 0
0 0 0 0 109 0
0 0 0 0 111 0
0 0 0 0 109 0
0 0 0 0 112 0
1 0 0 0 110 0
1 0 0 0 109 0
1 0 0 0 108 0
1 0 0 0 110 0
1 0 0 0 108 0
1 1 2 0 109 0
1 1 2 0 109 0
1 1 2 0 108 0
1 1 2 0 104 0
1 1 2 0 108 0
1 1 2 0 107 0
1 1 2 0 110 0
1 1 2 0 107 0
1 1 2 0 111 0
1 1 2 0 111 0
1 1 2 0 110 0
1 1 2 0 110 0
1 1 2 0 108 0
1 1 2 0 110 0
1 1 2 0 110 0
1 1 2 0 126 0
1 1 2 0 843 0
1 1 2 0 1040 0
1 1 2 0 1138 0
1 1 2 0 1009 0
1 1 2 0 1040 0
1 1 2 0 1000 0
1 1 2 0 1018 0
1 1 2 1 993 0
1 1 2 1 1012 0
1 1 2 1 1021 0
1 1 2 1 986 0
1 1 2 1 980 0
1 1 2 1 979 0
1 1 2 1 963 0
1 1 2 1 1008 0
1 1 2 1 1062 0
1 1 2 1 1100 0
1 1 2 1 1098 0
1 1 2 1 1151 0
1 1 2 1 1092 0
1 1 2 1 1063 0
1 1 2 1 1019 0
1 1 2 1 1066 0
1 1 2 1 1023 0
1 1 2 1 1012 0
1 1 2 1 992 0
1 1 2 1 956 0
1 1 2 1 957 0
1 1 2 1 969 0
1 1 2 1 991 0
1 1 2 1 1021 0
1 1 2 1 1031 0
1 1 2 1 1056 0
1 1 2 1 1058 0
1 1 2 1 1085 0
1 1 2 1 1078 0
1 1 2 1 1073 0
1 1 2 1 1041 0
1 1 2 1 1039 0
1 1 2 1 1058 0
1 1 2 1 1072 0
1 1 2 1 1083 0
1 1 2 1 1083 0
1 1 2 1 1020 0
1 1 2 1 1103 0
1 1 2 1 1054 0
1 1 2 1 1064 0
1 1 2 1 1026 0
1 1 2 1 1043 0
1 1 2 1 1115 0
1 1 2 1 1102 0
1 1 2 1 1138 0
1 1 2 1 1169 0
1 1 2 1 1166 0
1 1 2 1 1151 0
1 1 2 1 1100 0
1 1 2 1 1141 0
1 1 2 1 1140 0
1 1 2 1 1175 0
1 1 2 1 1147 0
1 1 2 1 1126 0
1 1 2 1 1100 0
1 1 2 1 1130 0
1 1 2 1 1125 0
1 1 2 1 1092 0
1 1 2 1 1085 0
1 1 2 1 1085 0
1 1 2 1 1119 0
1 1 2 1 1030 0
1 1 2 1 1072 0
1 1 2 1 1068 0
1 1 2 1 1054 0
1 1 2 1 1053 0
1 1 2 1 1044 0
1 1 2 1 1003 0
1 1 2 1 1063 0
1 1 2 1 1026 0
1 1 2 1 996 0
1 1 2 1 1017 0
1 1 2 1 989 0
1 1 2 1 1088 0
1 1 2 1 1074 0
1 1 2 1 1060 0
1 1 2 1 1076 0
1 1 2 1 1026 0
1 1 2 1 1043 0
1 1 2 1 1050 0
1 1 2 1 1082 0
1 1 2 1 1069 0
1 1 2 1 1087 0
1 1 2 1 1120 0
1 1 2 1 1147 0
1 1 2 1 1082 0
1 1 2 1 1070 0
1 1 2 1 1091 0
1 1 2 1 1061 0
1 1 2 1 1043 0
1 1 2 1 1057 0
1 1 2 1 1061 0
1 1 2 1 1022 0
1 1 2 1 1040 0
1 1 2 1 1003 0
1 1 2 1 997 0
1 1 2 1 1008 0
1 1 2 1 1033 0
1 1 2 1 1037 0
1 1 2 1 1060 0
1 1 2 1 1063 0
1 1 2 1 1069 0
1 1 2 1 1081 0
1 1 2 1 1087 0
1 1 2 1 1101 0
1 1 2 1 1125 0
1 1 2 1 1122 0
1 1 2 1 1079 0
1 1 2 1 1116 0
1 1 2 1 1087 0
1 1 2 1 1078 0
1 1 3 1 111 -60
1 1 3 1 107 -60
1 1 3 1 109 -60
1 1 3 1 110 -60
1 1 3 1 112 -60
1 1 3 1 110 -60
1 1 3 1 107 -60
0 0 3 1 112 0
0 0 3 1 108 0
0 0 3 1 110 0
0 0 3 1 108 0
0 0 3 1 108 0
0 0 3 1 110 0
0 0 3 1 110 0
0 0 3 1 107 0
0 0 3 1 109 0
0 0 3 1 111 0
0 0 3 1 108 0
0 0 3 1 109 0
0 0 3 1 109 0
0 0 3 1 108 0
