0 0 0 0 139 0 0.000000
0 0 0 0 137 0 0.000000
0 0 0 0 137 0 0.000000
0 0 0 0 137 0 0.000000
0 0 0 0 138 0 0.000000
0 0 0 0 141 0 0.000000
0 0 0 0 136 0 0.000000
0 0 0 0 141 0 0.000000
0 0 0 0 138 0 0.000000
0 0 0 0 138 0 0.000000
1 0 0 241 137 0 0.000000
1 0 0 235 137 0 0.000000
1 0 0 229 140 0 0.000000
1 0 0 223 137 0 0.000000
1 0 0 217 136 0 0.000000
1 0 0 211 136 0 0.000000
1 1 2 0 139 0 0.000000
1 1 2 0 137 0 0.000000
1 1 2 0 137 0 0.000000
1 1 2 0 138 0 0.000000
1 1 2 0 141 0 0.000000
1 1 2 0 138 0 0.000000
1 1 2 0 135 0 0.000000
1 1 2 0 136 0 0.000000
1 1 2 0 137 0 0.000000
1 1 2 0 140 0 0.000000
1 1 2 0 138 0 0.000000
1 1 2 0 136 0 0.000000
1 1 2 0 138 0 0.000000
1 1 2 0 142 0 0.000000
1 1 2 0 138 0 0.000000
1 1 2 0 138 0 0.000000
1 1 2 0 138 0 0.000000
1 1 2 0 138 0 0.000000
1 1 2 0 141 0 0.000000
1 1 2 0 138 0 0.000000
1 1 2 0 139 0 0.000000
1 1 2 0 139 0 0.000000
1 1 2 0 138 0 0.000000
1 1 2 0 137 0 0.000000
1 1 2 0 140 0 0.000000
1 1 3 0 141 -572 0.000000
1 1 3 0 141 -572 0.000000
1 1 3 0 140 -572 0.000000
1 1 3 0 138 -572 0.000000
1 1 3 0 141 -572 0.000000
1 1 3 0 142 -572 0.000000
1 1 3 0 138 -572 0.000000
1 1 3 0 139 -572 0.000000
1 1 3 0 139 -572 0.000000
1 1 3 0 139 -572 0.000000
1 1 3 0 143 -572 0.000000
1 1 3 0 136 -572 0.000000
1 1 3 0 143 -572 0.000000
1 1 3 0 140 -572 0.000000
0 0 0 0 140 0 0.000000
0 0 0 0 138 0 0.000000
0 0 0 0 137 0 0.000000
0 0 0 0 136 0 0.000000
0 0 0 0 138 0 0.000000
0 0 0 0 134 0 0.000000
0 0 0 0 138 0 0.000000
0 0 0 0 138 0 0.000000
0 0 0 0 140 0 0.000000
0 0 0 0 138 0 0.000000
0 0 0 0 138 0 0.000000
0 0 0 0 137 0 0.000000
0 0 0 0 138 0 0.000000
0 0 0 0 142 0 0.000000
0 0 0 0 140 0 0.000000
0 0 0 0 138 0 0.000000
0 0 0 0 137 0 0.000000
0 0 0 0 141 0 0.000000
0 0 0 0 136 0 0.000000
0 0 0 0 137 0 0.000000
0 0 0 0 138 0 0.000000
0 0 0 0 138 0 0.000000
0 0 0 0 138 0 0.000000
0 0 0 0 137 0 0.000000
0 0 0 0 137 0 0.000000
0 0 0 0 139 0 0.000000
0 0 0 0 140 0 0.000000
0 0 0 0 138 0 0.000000
0 0 0 0 137 0 0.000000
0 0 0 0 141 0 0.000000
0 0 0 0 139 0 0.000000
0 0 0 0 137 0 0.000000
0 0 0 0 136 0 0.000000
0 0 0 0 139 0 0.000000
0 0 0 0 140 0 0.000000
0 0 0 0 138 0 0.000000
0 0 0 0 136 0 0.000000
0 0 0 0 141 0 0.000000
0 0 0 0 139 0 0.000000
0 0 0 0 142 0 0.000000
0 0 0 0 138 0 0.000000
0 0 0 0 137 0 0.000000
0 0 0 0 139 0 0.000000
0 0 0 0 136 0 0.000000
