33 62 73 0 0 0 0.000000
0 0 0 0 138 0 0.000000
0 0 0 0 137 0 0.000000
0 0 0 0 139 0 0.000000
0 0 0 0 140 0 0.000000
0 0 0 0 140 0 0.000000
0 0 0 0 138 0 0.000000
0 0 0 0 142 0 0.000000
0 0 0 0 137 0 0.000000
0 0 0 0 140 0 0.000000
0 0 0 0 140 0 0.000000
0 0 0 0 140 0 0.000000
0 0 0 0 141 0 0.000000
0 0 0 0 140 0 0.000000
0 0 0 0 140 0 0.000000
0 0 0 0 136 0 0.000000
0 0 0 0 141 0 0.000000
0 0 0 0 141 0 0.000000
0 0 0 0 142 0 0.000000
0 0 0 0 137 0 0.000000
0 0 0 0 139 0 0.000000
0 0 0 0 141 0 0.000000
0 0 0 0 141 0 0.000000
0 0 0 0 141 0 0.000000
0 0 0 0 138 0 0.000000
0 0 0 0 141 0 0.000000
0 0 0 0 141 0 0.000000
0 0 0 0 143 0 0.000000
0 0 0 0 143 0 0.000000
0 0 0 0 141 0 0.000000
0 0 0 0 140 0 0.000000
0 0 0 0 137 0 0.000000
0 0 0 0 141 0 0.000000
0 0 0 0 142 0 0.000000
0 0 0 0 136 0 0.000000
0 0 0 0 141 0 0.000000
0 0 0 0 138 0 0.000000
0 0 0 0 137 0 0.000000
0 0 0 0 141 0 0.000000
0 0 0 0 141 0 0.000000
0 0 0 0 138 0 0.000000
1 0 0 241 141 0 0.000000
1 0 0 235 139 0 0.000000
1 0 3 229 139 -572 0.000000
1 0 3 223 139 -572 0.000000
1 0 3 217 140 -572 0.000000
1 0 3 211 142 -572 0.000000
1 0 3 0 140 -572 0.000000
1 0 3 0 140 -572 0.000000
1 0 3 0 141 -572 0.000000
1 0 3 0 138 -572 0.000000
0 0 0 0 141 0 0.000000
0 0 0 0 139 0 0.000000
0 0 0 0 139 0 0.000000
0 0 0 0 140 0 0.000000
0 0 0 0 138 0 0.000000
0 0 0 0 139 0 0.000000
0 0 0 0 139 0 0.000000
0 0 0 0 142 0 0.000000
0 0 0 0 141 0 0.000000
0 0 0 0 140 0 0.000000
0 0 0 0 142 0 0.000000
0 0 0 0 138 0 0.000000
0 0 0 0 139 0 0.000000
0 0 0 0 140 0 0.000000
0 0 0 0 140 0 0.000000
0 0 0 0 139 0 0.000000
0 0 0 0 140 0 0.000000
0 0 0 0 137 0 0.000000
0 0 0 0 139 0 0.000000
0 0 0 0 140 0 0.000000
0 0 0 0 138 0 0.000000
0 0 0 0 142 0 0.000000
0 0 0 0 139 0 0.000000
0 0 0 0 141 0 0.000000
0 0 0 0 142 0 0.000000
0 0 0 0 138 0 0.000000
0 0 0 0 137 0 0.000000
0 0 0 0 138 0 0.000000
0 0 0 0 141 0 0.000000
0 0 0 0 142 0 0.000000
0 0 0 0 141 0 0.000000
0 0 0 0 142 0 0.000000
0 0 0 0 139 0 0.000000
0 0 0 0 139 0 0.000000
0 0 0 0 139 0 0.000000
0 0 0 0 141 0 0.000000
0 0 0 0 142 0 0.000000
0 0 0 0 140 0 0.000000
0 0 0 0 139 0 0.000000
0 0 0 0 138 0 0.000000
0 0 0 0 140 0 0.000000
0 0 0 0 140 0 0.000000
0 0 0 0 140 0 0.000000
0 0 0 0 141 0 0.000000
0 0 0 0 140 0 0.000000
0 0 0 0 140 0 0.000000
0 0 0 0 143 0 0.000000
0 0 0 0 140 0 0.000000
0 0 0 0 140 0 0.000000
0 0 0 0 138 0 0.000000
0 0 0 0 140 0 0.000000
0 0 0 0 140 0 0.000000
0 0 0 0 140 0 0.000000
0 0 0 0 140 0 0.000000
0 0 0 0 139 0 0.000000
0 0 0 0 140 0 0.000000
0 0 0 0 141 0 0.000000
0 0 0 0 137 0 0.000000
0 0 0 0 139 0 0.000000
0 0 0 0 138 0 0.000000
0 0 0 0 136 0 0.000000
0 0 0 0 139 0 0.000000
0 0 0 0 142 0 0.000000
0 0 0 0 140 0 0.000000
0 0 0 0 139 0 0.000000
0 0 0 0 137 0 0.000000
0 0 0 0 139 0 0.000000
0 0 0 0 143 0 0.000000
0 0 0 0 138 0 0.000000
0 0 0 0 140 0 0.000000
0 0 0 0 140 0 0.000000
0 0 0 0 138 0 0.000000
0 0 0 0 140 0 0.000000
0 0 0 0 140 0 0.000000
0 0 0 0 142 0 0.000000
0 0 0 0 140 0 0.000000
0 0 0 0 141 0 0.000000
0 0 0 0 139 0 0.000000
0 0 0 0 140 0 0.000000
0 0 0 0 138 0 0.000000
0 0 0 0 139 0 0.000000
0 0 0 0 139 0 0.000000
0 0 0 0 142 0 0.000000
0 0 0 0 137 0 0.000000
0 0 0 0 142 0 0.000000
0 0 0 0 138 0 0.000000
0 0 0 0 141 0 0.000000
0 0 0 0 138 0 0.000000
0 0 0 0 141 0 0.000000
0 0 0 0 141 0 0.000000
0 0 0 0 141 0 0.000000
0 0 0 0 140 0 0.000000
0 0 0 0 140 0 0.000000
0 0 0 0 140 0 0.000000
0 0 0 0 138 0 0.000000
0 0 0 0 143 0 0.000000
0 0 0 0 139 0 0.000000
0 0 0 0 139 0 0.000000
0 0 0 0 138 0 0.000000
0 0 0 0 139 0 0.000000
0 0 0 0 138 0 0.000000
0 0 0 0 141 0 0.000000
