0 0 0 0 140 0
0 0 0 0 137 0
0 0 0 0 139 0
0 0 0 0 136 0
0 0 0 0 139 0
0 0 0 0 137 0
0 0 0 0 138 0
0 0 0 0 138 0
0 0 0 0 140 0
0 0 0 0 134 0
0 0 0 0 138 0
0 0 0 0 136 0
0 0 0 0 139 0
0 0 0 0 137 0
0 0 0 0 138 0
0 0 0 0 137 0
0 0 0 0 141 0
0 0 0 0 139 0
0 0 0 0 136 0
0 0 0 0 138 0
0 0 0 0 136 0
0 0 0 0 137 0
0 0 0 0 133 0
0 0 0 0 138 0
0 0 0 0 137 0
0 0 0 0 139 0
0 0 0 0 136 0
0 0 0 0 138 0
0 0 0 0 139 0
0 0 0 0 139 0
0 0 0 0 140 0
0 0 0 0 138 0
0 0 0 0 139 0
0 0 0 0 141 0
0 0 0 0 138 0
0 0 0 0 140 0
0 0 0 0 140 0
0 0 0 0 139 0
0 0 0 0 139 0
0 0 0 0 136 0
1 0 0 241 136 0
1 0 0 235 137 0
1 0 0 229 139 0
1 0 0 223 138 0
1 0 0 217 138 0
1 0 0 211 137 0
1 1 2 0 141 0
1 1 2 0 139 0
1 1 2 0 137 0
1 1 2 0 138 0
1 1 2 0 140 0
1 1 2 0 140 0
1 1 2 0 136 0
1 1 2 0 137 0
1 1 2 0 138 0
1 1 2 0 138 0
1 1 2 0 140 0
1 1 2 0 136 0
1 1 2 0 140 0
1 1 2 0 136 0
1 1 2 0 141 0
1 1 2 0 138 0
1 1 2 0 139 0
1 1 2 0 140 0
1 1 2 0 138 0
1 1 2 0 137 0
1 1 2 0 141 0
1 1 2 0 139 0
1 1 2 0 137 0
1 1 2 0 139 0
1 1 2 0 140 0
1 1 2 0 136 0
1 1 2 0 139 0
1 1 2 0 142 0
1 1 2 0 140 0
1 1 2 0 140 0
1 1 2 0 138 0
1 1 2 0 140 0
1 1 2 0 142 0
1 1 2 0 143 0
1 1 2 0 154 0
1 1 3 0 176 -572
1 1 3 0 177 -572
1 1 3 0 147 -572
1 1 3 0 139 -572
1 1 3 0 142 -572
1 1 3 0 142 -572
1 1 3 0 143 -572
1 1 3 0 139 -572
1 1 3 0 141 -572
1 1 3 0 139 -572
1 1 3 0 139 -572
1 1 3 0 139 -572
1 1 3 0 139 -572
1 1 3 0 138 -572
1 1 3 0 139 -572
1 1 3 0 140 -572
1 1 3 0 141 -572
1 1 3 0 139 -572
1 1 3 0 140 -572
1 1 3 0 137 -572
1 1 3 0 141 -572
1 1 3 0 137 -572
1 1 3 0 138 -572
1 1 3 0 140 -572
1 1 3 0 138 -572
1 1 3 0 137 -572
1 1 3 0 140 -572
1 1 3 0 138 -572
0 0 0 0 137 0
0 0 0 0 136 0
0 0 0 0 140 0
0 0 0 0 141 0
0 0 0 0 142 0
0 0 0 0 141 0
0 0 0 0 141 0
0 0 0 0 140 0
0 0 0 0 139 0
0 0 0 0 137 0
0 0 0 0 140 0
0 0 0 0 138 0
0 0 0 0 142 0
0 0 0 0 140 0
0 0 0 0 141 0
0 0 0 0 141 0
0 0 0 0 139 0
0 0 0 0 142 0
