33 62 73 0 0 0 0.000000
0 0 0 0 140 0 0.000000
0 0 0 0 137 0 0.000000
0 0 0 0 141 0 0.000000
0 0 0 0 139 0 0.000000
0 0 0 0 139 0 0.000000
0 0 0 0 140 0 0.000000
0 0 0 0 139 0 0.000000
0 0 0 0 140 0 0.000000
0 0 0 0 140 0 0.063236
0 0 0 0 139 0 0.464704
0 0 0 0 141 0 0.175981
0 0 0 0 141 0 0.931372
0 0 0 0 141 0 1.294120
0 0 0 0 138 0 1.647059
0 0 0 0 139 0 0.503924
0 0 0 0 138 0 0.731375
0 0 0 0 143 0 0.586285
0 0 0 0 140 0 1.207854
0 0 0 0 139 0 1.270588
0 0 0 0 141 0 1.607835
0 0 0 0 139 0 0.907844
0 0 0 0 140 0 0.558829
0 0 0 0 138 0 1.419590
0 0 0 0 139 0 0.931367
0 0 0 0 139 0 0.535296
0 0 0 0 138 0 0.578441
0 0 0 0 138 0 0.523532
0 0 0 0 140 0 1.160784
0 0 0 0 139 0 1.450981
0 0 0 0 139 0 1.694104
0 0 0 0 141 0 0.852937
0 0 0 0 140 0 0.527464
0 0 0 0 139 0 0.527453
0 0 0 0 138 0 1.662730
0 0 0 0 140 0 0.605894
0 0 0 0 140 0 0.966667
0 0 0 0 141 0 1.152954
0 0 0 0 139 0 1.247057
0 0 0 0 134 0 1.905866
0 0 0 0 138 0 1.333325
1 0 0 241 135 0 0.939216
1 0 0 235 140 0 1.984309
1 0 0 229 141 0 7.341148
1 0 0 223 139 0 6.933273
1 0 0 217 142 0 7.905853
1 1 2 0 138 0 6.619595
1 1 2 0 139 0 0.994121
1 1 2 0 141 0 0.864707
1 1 2 0 139 0 1.043121
1 1 2 0 139 0 0.664712
1 1 2 0 139 0 1.717643
1 1 2 0 138 0 1.678407
1 1 2 0 140 0 0.920212
1 1 2 0 137 0 1.082359
1 1 2 0 138 0 0.215198
1 1 2 0 141 0 -0.208336
1 1 2 0 142 0 -0.164215
1 1 2 0 140 0 -0.468623
1 1 2 0 140 0 -0.700004
1 1 2 0 139 0 -0.707844
1 1 2 0 140 0 -0.649021
1 1 2 0 139 0 -0.750977
1 1 2 0 140 0 -1.670569
1 1 2 0 139 0 -0.986279
1 1 2 0 139 0 -0.660797
1 1 2 0 141 0 -1.278420
1 1 2 0 141 0 -1.741154
1 1 2 0 141 0 -1.513716
1 1 2 0 139 0 -1.976452
1 1 2 0 139 0 -0.535300
1 1 2 0 141 0 -0.578437
1 1 2 0 138 0 -0.743147
1 1 2 0 143 0 -1.843117
1 1 2 0 142 0 -0.696077
1 1 2 0 159 0 -0.089216
1 1 2 0 149 0 -0.558834
1 1 2 0 172 0 1.560765
1 1 2 0 211 0 7.215672
1 1 3 0 247 -60 6.607454
1 1 3 0 189 -60 1.043804
1 1 3 0 161 -60 1.231034
1 1 3 0 143 -60 -0.261867
1 1 3 0 142 -60 -0.618789
1 1 3 0 139 -60 -0.926116
1 1 3 0 143 -60 -1.106923
1 1 3 0 137 -60 -1.155060
1 1 3 0 141 -60 -1.293635
1 1 3 0 140 -60 -1.247901
1 1 3 0 141 -60 -1.298668
1 1 3 0 140 -60 -1.455779
1 1 3 0 140 -60 -1.554941
1 1 3 0 141 -60 -1.614162
1 1 3 0 139 -60 -1.634309
1 1 3 0 140 -60 -1.654868
1 1 3 0 138 -60 -1.600846
1 1 3 0 141 -60 -1.714585
1 1 3 0 139 -60 -1.815643
1 1 3 0 140 -60 -1.678668
1 1 3 0 142 -60 -1.404001
1 1 3 0 143 -60 -1.243654
1 1 3 0 140 -60 -1.009860
0 0 0 0 141 0 -0.001815
0 0 0 0 139 0 0.000350
0 0 0 0 137 0 0.000192
0 0 0 0 141 0 -0.000192
0 0 0 0 139 0 -0.000350
0 0 0 0 139 0 0.000088
0 0 0 0 140 0 0.000000
0 0 0 0 137 0 0.000000
0 0 0 0 139 0 0.000000
0 0 0 0 143 0 0.000000
0 0 0 0 137 0 0.000000
0 0 0 0 138 0 0.000000
0 0 0 0 137 0 -0.224999
0 0 0 0 142 0 -0.994121
102 102 102 0 0 0 0.000000
33 62 73 0 0 0 0.000000
0 0 0 0 138 0 -1.898039
0 0 0 0 139 0 -0.531378
0 0 143 0 191 6639 0.000000
33 62 73 0 191 6639 0.000000
102 102 102 0 191 6639 0.000000
0 0 0 0 141 0 -1.474503
0 0 0 0 140 0 -1.780368
0 0 0 0 139 0 -0.558824
0 0 0 0 140 0 -0.805879
0 0 0 0 141 0 -1.058820
102 102 102 0 141 0 -1.058820
33 62 73 0 141 0 -1.058820
0 0 0 0 138 0 -0.613734
0 0 0 0 139 0 -1.709797
0 0 0 0 136 0 -1.560790
0 0 0 0 135 0 -0.313721
