33 62 73 0 0 0 0.000000
33 62 73 0 0 0 0.000000
0 0 0 0 139 0 0.000000
0 0 0 0 139 0 0.000000
0 0 0 0 141 0 0.000000
0 0 0 0 143 0 0.000000
0 0 0 0 139 0 0.000000
0 0 0 0 139 0 0.000000
0 0 0 0 136 0 0.000000
0 0 0 0 140 0 0.000000
0 0 0 0 139 0 0.000000
0 0 0 0 139 0 0.000000
0 0 0 0 142 0 0.175980
0 0 0 0 138 0 0.329413
0 0 0 0 141 0 0.272550
0 0 0 0 139 0 0.160294
0 0 0 0 140 0 0.625493
0 0 0 0 138 0 1.121567
0 0 0 0 139 0 1.207830
0 0 0 0 138 0 1.709807
0 0 0 0 141 0 1.380381
0 0 0 0 139 0 1.388240
0 0 0 0 141 0 1.474516
0 0 0 0 140 0 1.286283
0 0 0 0 140 0 0.845095
0 0 0 0 139 0 0.754912
0 0 0 0 140 0 1.529415
0 0 0 0 138 0 1.129420
0 0 0 0 140 0 1.035286
0 0 0 0 135 0 1.301941
0 0 0 0 139 0 0.515700
0 0 0 0 141 0 0.813726
0 0 0 0 141 0 0.982353
0 0 0 0 142 0 1.654881
0 0 0 0 140 0 0.609802
0 0 0 0 143 0 1.168625
0 0 0 0 139 0 0.582355
0 0 0 0 141 0 0.919617
0 0 0 0 141 0 0.990195
0 0 0 0 141 0 0.739224
0 0 0 0 139 0 1.286270
0 0 0 0 142 0 0.680392
1 0 0 241 139 0 0.598053
1 0 0 235 138 0 1.317641
1 0 0 229 141 0 0.523534
1 0 0 223 142 0 0.786273
1 0 0 217 141 0 0.649024
1 1 2 0 139 0 1.262730
1 1 2 0 141 0 0.625494
1 1 2 0 140 0 1.317650
1 1 2 0 137 0 0.496268
1 1 2 0 138 0 0.468627
1 1 2 0 140 0 0.214216
1 1 2 0 141 0 0.032966
1 1 2 0 142 0 0.120588
1 1 2 0 140 0 -0.292156
1 1 2 0 140 0 -0.333331
1 1 2 0 139 0 -0.374510
1 1 2 0 139 0 -1.286264
1 1 2 0 142 0 -1.121561
1 1 2 0 142 0 -1.200012
1 1 2 0 140 0 -1.035294
1 1 2 0 141 0 -1.960760
1 1 2 0 137 0 -0.570598
1 1 2 0 139 0 -0.641184
1 1 2 0 137 0 -0.794115
1 1 2 0 141 0 -1.639204
1 1 2 0 141 0 -0.892154
1 1 2 0 137 0 -1.599997
1 1 2 0 140 0 -0.817655
1 1 2 0 138 0 -0.660791
1 1 2 0 138 0 -1.396074
1 1 2 0 140 0 -0.892160
1 1 2 0 139 0 -2.470636
1 1 2 0 142 0 -1.356869
1 1 2 0 145 0 -0.519612
1 1 2 0 154 0 -1.411757
1 1 2 0 166 0 -0.202452
1 1 3 0 193 -60 1.832219
1 1 3 0 162 -60 -1.529866
1 1 3 0 143 -60 -2.105865
1 1 3 0 137 -60 -2.390792
1 1 3 0 138 -60 -2.923797
1 1 3 0 137 -60 -3.096640
1 1 3 0 139 -60 -3.063347
1 1 3 0 140 -60 -3.229744
1 1 3 0 138 -60 -3.361743
1 1 3 0 140 -60 -3.530147
1 1 3 0 138 -60 -3.548014
1 1 3 0 137 -60 -3.678604
1 1 3 0 140 -60 -3.646909
1 1 3 0 139 -60 -3.540140
1 1 3 0 140 -60 -3.446884
1 1 3 0 138 -60 -3.420956
1 1 3 0 139 -60 -3.358338
1 1 3 0 137 -60 -3.111835
1 1 3 0 140 -60 -2.797132
1 1 3 0 143 -60 -2.448735
0 0 0 0 138 0 0.000768
0 0 0 0 139 0 -0.001815
0 0 0 0 137 0 -0.000557
0 0 0 0 135 0 0.000000
0 0 0 0 140 0 -0.000350
0 0 0 0 138 0 0.000000
0 0 0 0 138 0 0.000000
0 0 0 0 137 0 0.000000
0 0 0 0 142 0 0.000000
0 0 0 0 140 0 0.000000
0 0 0 0 137 0 0.000000
0 0 0 0 139 0 0.000000
0 0 0 0 140 0 -1.529415
0 0 0 0 138 0 -1.866657
0 0 0 0 139 0 -2.188259
0 0 0 0 138 0 -3.317667
0 0 0 0 140 0 -5.364640
0 0 0 0 137 0 -3.192194
0 0 0 0 136 0 -3.081909
0 0 0 0 139 0 -2.533352
0 0 0 0 140 0 -2.611774
0 0 0 0 137 0 -2.329420
0 0 0 0 140 0 -4.799990
0 0 0 0 137 0 -4.643157
0 0 0 0 135 0 -3.772576
0 0 0 0 138 0 -6.776465
0 0 0 0 137 0 -6.337261
0 0 0 0 135 0 -0.770591
0 0 0 0 137 0 -1.403926
0 0 0 0 137 0 -0.735300
0 0 0 0 140 0 -0.731375
0 0 0 0 136 0 -0.998043
0 0 0 0 139 0 -0.688235
0 0 0 0 140 0 -1.945088
0 0 0 0 140 0 -1.568617
0 0 0 0 140 0 -1.717623
0 0 0 0 139 0 -0.372550
0 0 0 0 139 0 -0.478431
0 0 0 0 137 0 -0.154412
0 0 0 0 142 0 -0.185784
0 0 0 0 137 0 -0.175003
0 0 0 0 139 0 -0.236764
0 0 0 0 138 0 -0.032966
0 0 0 0 139 0 0.175981
0 0 0 0 140 0 0.274511
0 0 0 0 140 0 0.399995
0 0 0 0 141 0 0.750991
0 0 0 0 138 0 0.503931
0 0 0 0 140 0 1.733334
