飞行日志7_20_3：
phs手动操作
flag.fly_ready || flag.taking_off || flag.auto_take_off_land || one_key_taof_start || tof_height_mm || auto_taking_off_speed
1 0 0 0 138 0
1 0 0 0 139 0
1 0 0 0 137 0
1 0 0 0 141 0
1 0 0 0 136 0
1 0 0 0 139 0
1 0 0 0 137 0
1 0 0 0 140 0
1 0 0 0 141 0
1 0 0 0 139 0
1 0 0 0 137 0
1 0 0 0 138 0
1 0 0 0 138 0
1 0 0 0 139 0
1 0 0 0 136 0
1 0 0 0 138 0
1 0 0 0 140 0
1 0 0 0 138 0
1 0 0 0 143 0
1 0 0 0 137 0
1 0 0 0 139 0
1 0 0 0 139 0
1 0 0 0 139 0
1 0 0 0 140 0
1 0 0 0 137 0
1 0 0 0 137 0
1 0 0 0 135 0
1 0 0 0 135 0
1 0 0 0 138 0
1 0 0 0 135 0
1 0 0 0 136 0
1 0 0 0 138 0
1 0 0 0 138 0
1 0 0 0 138 0
1 0 0 0 139 0
1 0 0 0 136 0
1 0 0 0 138 0
1 0 0 0 138 0
1 0 0 0 137 0
1 0 0 0 136 0
1 0 0 0 138 0
1 0 0 0 136 0
1 0 0 0 139 0
1 0 0 0 139 0
1 0 0 0 136 0
1 0 0 0 139 0
1 0 0 0 136 0
1 0 0 0 138 0
1 0 0 0 136 0
1 0 0 0 137 0
1 0 0 0 136 0
1 0 0 0 141 0
1 1 2 0 140 0
1 1 2 0 137 0
1 1 2 0 139 0
1 1 2 0 139 0
1 1 2 0 140 0
1 1 2 0 141 0
1 1 2 0 138 0
1 1 2 0 138 0
1 1 2 0 137 0
1 1 2 0 139 0
1 1 2 0 138 0
1 1 2 0 139 0
1 1 2 0 139 0
1 1 2 0 139 0
1 1 2 0 142 0
1 1 2 0 137 0
1 1 2 0 135 0
1 1 2 0 140 0
1 1 2 0 139 0
1 1 2 0 137 0
1 1 2 0 141 0
1 1 2 0 137 0
1 1 2 0 138 0
1 1 2 0 138 0
1 1 2 0 136 0
1 1 2 0 146 0
1 1 2 0 168 0
1 1 2 0 193 0
1 1 2 0 230 0
1 1 2 0 307 0
1 1 2 0 237 0
102 102 102 0 0 0
33 62 73 0 0 0
2 1 2 0 142 0
2 1 2 0 141 0
2 1 2 0 152 0
2 1 2 0 193 0
102 102 102 0 0 0
33 62 73 0 0 0
0 0 0 0 270 0
0 0 0 0 171 0
0 0 0 0 138 0
0 0 0 0 139 0
0 0 0 0 136 0
0 0 0 0 140 0
0 0 0 0 141 0
0 0 0 0 141 0
0 0 0 0 136 0
0 0 0 0 138 0
0 0 0 0 139 0
0 0 0 0 135 0
0 0 0 0 137 0
0 0 0 0 137 0
0 0 0 0 140 0
0 0 0 0 138 0
0 0 0 0 137 0
0 0 0 0 138 0
0 0 0 0 140 0
0 0 0 0 138 0
0 0 0 0 138 0
0 0 0 0 140 0
0 0 0 0 137 0
0 0 0 0 137 0
0 0 0 0 137 0
0 0 0 0 138 0
0 0 0 0 137 0
0 0 0 0 138 0
0 0 0 0 137 0
