33 62 73 0 0 0 0.000000
102 102 102 0 0 0 0.000000
0 0 0 0 140 0 0.000000
0 0 0 0 140 0 0.000000
0 0 0 0 139 0 0.000000
0 0 0 0 141 0 0.000000
0 0 0 0 138 0 0.000000
0 0 0 0 139 0 0.000000
0 0 0 0 141 0 0.000000
0 0 0 0 140 0 0.000000
0 0 0 0 138 0 0.000000
0 0 0 0 141 0 0.000000
0 0 0 0 142 0 0.000000
0 0 0 0 142 0 0.000000
0 0 0 0 141 0 0.000000
0 0 0 0 142 0 0.000000
0 0 0 0 142 0 0.000000
0 0 0 0 142 0 0.000000
0 0 0 0 138 0 0.000000
0 0 0 0 142 0 0.000000
0 0 0 0 140 0 0.000000
0 0 0 0 140 0 0.000000
0 0 0 0 141 0 0.000000
0 0 0 0 142 0 0.000000
0 0 0 0 139 0 0.000000
0 0 0 0 141 0 0.000000
0 0 0 0 140 0 0.000000
0 0 0 0 138 0 0.000000
0 0 0 0 139 0 0.000000
0 0 0 0 141 0 0.000000
0 0 0 0 140 0 0.000000
0 0 0 0 140 0 0.000000
0 0 0 0 139 0 0.000000
0 0 0 0 140 0 0.000000
0 0 0 0 139 0 0.000000
0 0 0 0 140 0 0.000000
0 0 0 0 141 0 0.000000
0 0 0 0 140 0 0.000000
0 0 0 0 140 0 0.000000
0 0 0 0 141 0 0.000000
0 0 0 0 141 0 0.000000
0 0 0 0 140 0 0.000000
1 0 0 241 139 0 0.000000
1 0 0 235 143 0 0.000000
1 0 3 229 137 -572 0.000000
1 0 3 223 141 -572 0.000000
1 0 3 217 141 -572 0.000000
1 0 3 211 141 -572 0.000000
1 0 3 0 142 -572 0.000000
1 0 3 0 137 -572 0.000000
1 0 3 0 139 -572 0.000000
1 0 3 0 141 -572 0.000000
0 0 0 0 140 0 0.000000
0 0 0 0 138 0 0.000000
0 0 0 0 141 0 0.000000
0 0 0 0 139 0 0.000000
0 0 0 0 138 0 0.000000
0 0 0 0 140 0 0.000000
0 0 0 0 141 0 0.000000
0 0 0 0 138 0 0.000000
0 0 0 0 137 0 0.000000
0 0 0 0 136 0 0.000000
0 0 0 0 142 0 0.000000
0 0 0 0 141 0 0.000000
0 0 0 0 138 0 0.000000
0 0 0 0 139 0 0.000000
0 0 0 0 138 0 0.000000
0 0 0 0 139 0 0.000000
0 0 0 0 138 0 0.000000
0 0 0 0 141 0 0.000000
0 0 0 0 140 0 0.000000
0 0 0 0 139 0 0.000000
0 0 0 0 140 0 0.000000
0 0 0 0 141 0 0.000000
0 0 0 0 138 0 0.000000
0 0 0 0 139 0 0.000000
0 0 0 0 140 0 0.000000
0 0 0 0 140 0 0.000000
0 0 0 0 138 0 0.000000
0 0 0 0 140 0 0.000000
0 0 0 0 141 0 0.000000
0 0 0 0 140 0 0.000000
0 0 0 0 140 0 0.000000
0 0 0 0 137 0 0.000000
0 0 0 0 140 0 0.000000
0 0 0 0 139 0 0.000000
0 0 0 0 141 0 0.000000
0 0 0 0 140 0 0.000000
0 0 0 0 139 0 0.000000
0 0 0 0 139 0 0.000000
0 0 0 0 138 0 0.000000
0 0 0 0 140 0 0.000000
0 0 0 0 138 0 0.000000
0 0 0 0 139 0 0.000000
0 0 0 0 140 0 0.000000
0 0 0 0 139 0 0.000000
0 0 0 0 137 0 0.000000
0 0 0 0 142 0 0.000000
0 0 0 0 139 0 0.000000
0 0 0 0 144 0 0.000000
0 0 0 0 139 0 0.000000
0 0 0 0 141 0 0.000000
0 0 0 0 141 0 0.000000
0 0 0 0 140 0 0.000000
0 0 0 0 140 0 0.000000
0 0 0 0 140 0 0.000000
0 0 0 0 141 0 0.000000
0 0 0 0 140 0 0.000000
0 0 0 0 140 0 0.000000
0 0 0 0 140 0 0.000000
0 0 0 0 140 0 0.000000
0 0 0 0 139 0 0.000000
