飞行实验日记
任务：开启遥控器，测试our_mission() ; our_landing();
现象：one_one_key_takeoff();任务失败，原因未知，飞机持续上升至1米7左右，才缓慢下降。 后续进入our_mission(); 响应正常，飞机上下移动，3分钟后降落。
flag.fly_ready || flag.taking_off || flag.auto_take_off_land || one_key_taof_start || tof_height_mm || auto_taking_off_sp
0 0 0 0 136 0
0 0 0 0 137 0
0 0 0 0 135 0
0 0 0 0 140 0
0 0 0 0 139 0
0 0 0 0 139 0
0 0 0 0 137 0
0 0 0 0 137 0
0 0 0 0 137 0
0 0 0 0 138 0
0 0 0 0 139 0
0 0 0 0 142 0
0 0 0 0 137 0
0 0 0 0 140 0
0 0 0 0 137 0
0 0 0 0 138 0
0 0 0 0 140 0
0 0 0 0 138 0
0 0 0 0 138 0
0 0 0 0 137 0
0 0 0 0 135 0
0 0 0 0 137 0
0 0 0 0 140 0
0 0 0 0 136 0
0 0 0 0 140 0
0 0 0 0 139 0
0 0 0 0 140 0
0 0 0 0 140 0
0 0 0 0 139 0
0 0 0 0 140 0
0 0 0 0 138 0
0 0 0 0 141 0
0 0 0 0 136 0
0 0 0 0 137 0
0 0 0 0 138 0
0 0 0 0 138 0
0 0 0 0 139 0
0 0 0 0 139 0
0 0 0 0 138 0
0 0 0 0 138 0
1 0 0 241 134 0
1 0 0 235 136 0
1 0 0 229 138 0
1 0 0 223 138 0
1 0 0 217 137 0
1 0 0 211 138 0
1 1 2 0 138 0
1 1 2 0 136 0
1 1 2 0 136 0
1 1 2 0 135 0
1 1 2 0 136 0
1 1 2 0 136 0
1 1 2 0 135 0
1 1 2 0 139 0
1 1 2 0 139 0
1 1 2 0 136 0
1 1 2 0 137 0
1 1 2 0 136 0
1 1 2 0 137 0
1 1 2 0 138 0
1 1 2 0 137 0
1 1 2 0 136 0
1 1 2 0 136 0
1 1 2 0 137 0
1 1 2 0 136 0
1 1 2 0 138 0
1 1 2 0 138 0
1 1 2 0 139 0
1 1 2 0 140 0
1 1 2 0 137 0
1 1 2 0 140 0
1 1 2 0 137 0
1 1 2 0 133 0
1 1 2 0 137 0
1 1 2 0 139 0
1 1 2 0 135 0
1 1 2 0 135 0
1 1 2 0 136 0
1 1 2 0 141 0
1 1 2 0 138 0
1 1 2 0 139 0
1 1 2 0 141 0
1 1 2 0 135 0
1 1 2 0 140 0
1 1 2 0 137 0
1 1 2 0 137 0
1 1 2 0 136 0
1 1 2 0 138 0
1 1 2 0 137 0
1 1 2 0 139 0
1 1 2 0 138 0
1 1 2 0 139 0
1 1 2 0 137 0
1 1 2 0 135 0
1 1 2 0 135 0
1 1 2 0 138 0
1 1 2 0 139 0
1 1 2 0 137 0
1 1 2 0 138 0
1 1 2 0 136 0
1 1 2 0 138 0
1 1 2 0 140 0
1 1 2 0 139 0
1 1 2 0 138 0
1 1 2 0 136 0
1 1 2 0 138 0
1 1 2 0 136 0
1 1 2 0 135 0
1 1 2 0 138 0
1 1 2 0 136 0
1 1 2 0 135 0
1 1 2 0 137 0
1 1 2 0 139 0
1 1 2 0 136 0
1 1 2 0 140 0
1 1 2 0 132 0
1 1 2 0 136 0
1 1 2 0 137 0
1 1 2 0 136 0
1 1 2 0 135 0
1 1 2 0 137 0
1 1 2 0 136 0
1 1 2 0 135 0
1 1 2 0 135 0
1 1 2 0 138 0
1 1 2 0 135 0
1 1 2 0 141 0
1 1 2 0 135 0
1 1 2 0 134 0
1 1 2 0 136 0
1 1 2 0 135 0
1 1 2 0 135 0
1 1 2 0 135 0
1 1 2 0 138 0
1 1 2 0 135 0
1 1 2 0 134 0
1 1 2 0 137 0
1 1 2 0 138 0
1 1 2 0 134 0
1 1 2 0 137 0
1 1 2 0 136 0
1 1 2 0 137 0
1 1 2 0 137 0
1 1 2 0 137 0
1 1 2 0 136 0
1 1 2 0 139 0
1 1 2 0 136 0
1 1 2 0 138 0
1 1 2 0 137 0
1 1 2 0 138 0
1 1 2 0 137 0
1 1 2 0 137 0
1 1 2 0 136 0
1 1 2 0 137 0
1 1 2 0 135 0
1 1 2 0 136 0
1 1 2 0 136 0
1 1 2 0 136 0
1 1 2 0 138 0
1 1 2 0 137 0
1 1 2 0 136 0
1 1 2 0 135 0
1 1 2 0 137 0
1 1 2 0 137 0
1 1 2 0 137 0
1 1 2 0 138 0
1 1 2 0 138 0
1 1 2 0 137 0
1 1 2 0 137 0
1 1 2 0 134 0
1 1 2 0 135 0
1 1 2 0 135 0
1 1 2 0 136 0
1 1 2 0 136 0
1 1 2 0 134 0
1 1 2 0 139 0
1 1 2 0 138 0
1 1 2 0 137 0
1 1 2 0 136 0
1 1 2 0 137 0
1 1 2 0 136 0
1 1 2 0 137 0
1 1 2 0 138 0
1 1 2 0 136 0
1 1 2 0 137 0
1 1 2 0 137 0
1 1 2 0 137 0
1 1 2 0 137 0
1 1 2 0 137 0
1 1 2 0 133 0
1 1 2 0 141 0
1 1 2 0 136 0
1 1 2 0 137 0
1 1 2 0 137 0
1 1 2 0 138 0
1 1 2 0 136 0
1 1 2 0 137 0
1 1 2 0 138 0
1 1 2 0 136 0
1 1 2 0 136 0
1 1 2 0 139 0
1 1 2 0 137 0
1 1 2 0 136 0
1 1 2 0 139 0
1 1 2 0 137 0
1 1 2 0 137 0
1 1 2 0 138 0
1 1 2 0 135 0
1 1 2 0 139 0
1 1 2 0 139 0
1 1 2 0 133 0
1 1 2 0 137 0
1 1 2 0 137 0
1 1 2 0 140 0
1 1 2 0 138 0
1 1 2 0 136 0
1 1 2 0 139 0
1 1 2 0 137 0
1 1 2 0 136 0
1 1 2 0 135 0
1 1 2 0 135 0
1 1 2 0 137 0
1 1 2 0 136 0
1 1 2 0 137 0
1 1 2 0 137 0
1 1 2 0 136 0
1 1 2 0 135 0
1 1 2 0 133 0
1 1 2 0 138 0
1 1 2 0 138 0
1 1 2 0 138 0
1 1 2 0 136 0
1 1 2 0 139 0
1 1 2 0 137 0
1 1 2 0 138 0
1 1 2 0 139 0
1 1 2 0 137 0
1 1 2 0 140 0
1 1 2 0 135 0
1 1 2 0 135 0
1 1 2 0 138 0
1 1 2 0 135 0
1 1 2 0 137 0
1 1 2 0 132 0
1 1 2 0 136 0
1 1 2 0 137 0
1 1 2 0 138 0
1 1 2 0 136 0
1 1 2 0 139 0
1 1 2 0 138 0
1 1 2 0 139 0
1 1 2 0 138 0
1 1 2 0 139 0
1 1 2 0 136 0
1 1 2 0 139 0
1 1 2 0 137 0
1 1 2 0 137 0
1 1 2 0 135 0
1 1 2 0 138 0
1 1 2 0 137 0
1 1 2 0 136 0
1 1 2 0 136 0
1 1 2 0 136 0
1 1 2 0 136 0
1 1 2 0 135 0
1 1 2 0 136 0
1 1 2 0 136 0
1 1 2 0 138 0
1 1 2 0 136 0
1 1 2 0 134 0
1 1 2 0 137 0
1 1 2 0 136 0
1 1 2 0 137 0
1 1 2 0 135 0
1 1 2 0 137 0
1 1 2 0 137 0
1 1 2 0 137 0
1 1 2 0 138 0
1 1 2 0 135 0
1 1 2 0 134 0
1 1 2 0 137 0
1 1 2 0 138 0
1 1 2 0 137 0
1 1 2 0 137 0
1 1 2 0 137 0
1 1 2 0 135 0
1 1 2 0 135 0
1 1 2 0 140 0
1 1 2 0 139 0
1 1 2 0 137 0
1 1 2 0 139 0
1 1 2 0 138 0
1 1 2 0 137 0
1 1 2 0 138 0
1 1 2 0 138 0
1 1 2 0 139 0
1 1 2 0 137 0
1 1 2 0 139 0
1 1 2 0 139 0
1 1 2 0 144 0
1 1 2 0 146 0
1 1 2 0 152 0
1 1 2 0 154 0
1 1 2 0 156 0
1 1 2 0 169 0
1 1 2 0 194 0
1 1 2 0 215 0
1 1 2 0 241 0
1 1 2 0 270 0
1 1 2 0 327 0
1 1 2 0 372 0
1 1 2 0 391 0
1 1 2 0 411 0
1 1 2 0 420 0
1 1 2 0 439 0
1 1 2 0 452 0
1 1 2 0 476 0
1 1 2 0 502 0
1 1 2 0 524 0
1 1 2 0 542 0
1 1 2 0 567 0
1 1 2 0 585 0
1 1 2 0 597 0
1 1 2 0 606 0
1 1 2 0 621 0
1 1 2 0 636 0
1 1 2 0 641 0
1 1 2 0 687 0
1 1 2 0 697 0
1 1 2 0 733 0
1 1 2 0 764 0
1 1 2 0 804 0
1 1 2 0 844 0
1 1 2 0 860 0
1 1 2 0 912 0
1 1 2 0 914 0
1 1 2 0 929 0
1 1 2 0 966 0
1 1 2 0 963 0
1 1 2 0 960 0
1 1 2 0 972 0
1 1 2 0 975 0
1 1 2 0 976 0
1 1 2 0 978 0
1 1 2 0 993 0
1 1 2 0 947 0
1 1 2 0 977 0
1 1 2 0 977 0
1 1 2 0 1009 0
1 1 2 0 1006 0
1 1 2 0 1036 0
1 1 2 0 1061 0
1 1 2 0 1086 0
1 1 2 0 1102 0
1 1 2 0 1143 0
1 1 2 0 1150 0
1 1 2 0 1173 0
1 1 2 0 1159 0
1 1 2 0 1227 0
1 1 2 0 1184 0
1 1 2 0 1230 0
1 1 2 0 1251 0
1 1 2 0 1262 0
1 1 2 0 1262 0
1 1 2 0 1270 0
1 1 2 0 1241 0
1 1 2 0 1267 0
1 1 2 0 1245 0
1 1 2 0 1271 0
1 1 2 0 1251 0
1 1 2 0 1212 0
1 1 2 0 1185 0
1 1 2 0 1208 0
1 1 2 0 1186 0
1 1 2 0 1174 0
1 1 2 0 1162 0
1 1 2 0 1160 0
1 1 2 0 1154 0
1 1 2 0 1100 0
1 1 2 0 1123 0
1 1 2 0 1113 0
1 1 2 0 1116 0
1 1 2 0 1124 0
1 1 2 0 1143 0
1 1 2 0 1145 0
1 1 2 0 1102 0
1 1 2 0 1154 0
1 1 2 0 1153 0
1 1 2 0 1148 0
1 1 2 0 1155 0
1 1 2 0 1157 0
1 1 2 0 1123 0
1 1 2 0 1134 0
1 1 2 0 1154 0
1 1 2 0 1140 0
1 1 2 0 1141 0
1 1 2 0 1107 0
1 1 2 0 1122 0
1 1 2 0 1133 0
1 1 2 0 1137 0
1 1 2 0 1158 0
1 1 2 0 1188 0
1 1 2 0 1187 0
1 1 2 0 1171 0
1 1 2 0 1226 0
1 1 2 0 1247 0
1 1 2 0 1308 0
1 1 2 0 1370 0
1 1 2 0 1373 0
1 1 2 0 1405 0
1 1 2 0 1440 0
1 1 2 0 1430 0
1 1 2 0 1486 0
1 1 2 0 1547 0
1 1 2 0 1532 0
1 1 2 0 1543 0
1 1 2 0 1611 0
1 1 2 0 1601 0
1 1 2 0 1693 0
1 1 2 0 1630 0
1 1 2 0 1763 0
1 1 2 0 1724 0
1 1 2 0 1746 0
1 1 2 0 1663 0
1 1 2 0 1665 0
1 1 2 0 1686 0
1 1 2 0 1681 0
1 1 2 0 1733 0
1 1 2 0 1722 0
1 1 2 0 1782 0
1 1 2 0 1819 0
1 1 2 0 1898 0
1 1 2 0 1920 0
1 1 2 0 1972 0
1 1 2 0 1920 0
1 1 2 0 1834 0
1 1 2 0 1755 0
1 1 2 0 1737 0
1 1 2 0 1738 0
1 1 2 0 1720 0
1 1 2 0 1715 0
1 1 2 0 1729 0
1 1 2 0 1709 0
1 1 2 0 1718 0
1 1 2 0 1687 0
1 1 2 0 1739 0
1 1 2 0 1761 0
1 1 2 0 1763 0
1 1 2 0 1813 0
1 1 2 0 8189 0
1 1 2 0 1793 0
1 1 2 0 1789 0
1 1 2 0 1805 0
1 1 2 0 1823 0
1 1 2 0 1757 0
1 1 2 0 8189 0
1 1 2 0 1819 0
1 1 2 0 1763 0
1 1 2 0 1756 0
1 1 2 0 8189 0
1 1 2 0 1682 0
1 1 2 0 1764 0
1 1 2 0 1655 0
1 1 2 0 1670 0
1 1 2 0 1674 0
1 1 2 0 1647 0
1 1 2 0 1623 0
1 1 2 0 1669 0
1 1 2 0 1685 0
1 1 2 0 1665 0
1 1 2 0 1709 0
1 1 2 0 1657 0
1 1 2 0 1710 0
1 1 2 0 8189 0
1 1 2 0 1753 0
1 1 2 0 1805 0
1 1 2 0 1795 0
1 1 2 0 8189 0
1 1 2 0 1880 0
1 1 2 0 1926 0
1 1 2 0 8189 0
1 1 2 0 1902 0
1 1 2 0 1843 0
1 1 2 0 1747 0
1 1 2 0 1742 0
1 1 2 0 1700 0
1 1 2 0 1731 0
1 1 2 0 1693 0
1 1 2 0 1584 0
1 1 2 0 1490 0
1 1 2 0 1425 0
1 1 2 0 1414 0
1 1 2 0 1382 0
1 1 2 0 1261 0
1 1 2 0 1255 0
1 1 2 0 1159 0
1 1 2 0 1070 0
1 1 2 0 1005 0
1 1 2 0 940 0
1 1 2 0 919 0
1 1 2 0 802 0
1 1 2 0 800 0
1 1 2 0 817 0
1 1 2 0 830 0
1 1 2 0 856 0
1 1 2 0 875 0
1 1 2 0 870 0
1 1 2 0 871 0
1 1 2 0 866 0
1 1 2 0 858 0
1 1 2 0 860 0
1 1 2 0 885 0
1 1 2 0 885 0
1 1 2 0 855 0
1 1 2 0 852 0
1 1 2 0 856 0
1 1 2 0 847 0
1 1 2 0 851 0
1 1 2 0 833 0
1 1 2 0 798 0
1 1 2 0 789 0
1 1 2 0 799 0
1 1 2 0 769 0
1 1 2 0 765 0
1 1 2 0 771 0
1 1 2 0 747 0
1 1 2 0 726 0
1 1 2 0 724 0
1 1 2 0 705 0
1 1 2 0 698 0
1 1 2 0 687 0
1 1 2 0 690 0
1 1 2 0 677 0
1 1 2 0 679 0
1 1 2 0 670 0
1 1 2 0 669 0
1 1 2 0 676 0
1 1 2 0 683 0
1 1 2 0 677 0
1 1 2 0 693 0
1 1 2 0 698 0
1 1 2 0 722 0
1 1 2 0 714 0
1 1 2 0 713 0
1 1 2 0 709 0
1 1 2 0 710 0
1 1 2 0 690 0
1 1 2 0 688 0
1 1 2 0 687 0
1 1 2 0 670 0
1 1 2 0 676 0
1 1 2 0 682 0
1 1 2 0 668 0
1 1 2 0 659 0
1 1 2 0 655 0
1 1 2 0 653 0
1 1 2 0 651 0
1 1 2 0 663 0
1 1 2 0 653 0
1 1 2 0 655 0
1 1 2 0 648 0
1 1 2 0 667 0
1 1 2 0 656 0
1 1 2 0 676 0
1 1 2 0 677 0
1 1 2 0 667 0
1 1 2 0 675 0
1 1 2 0 682 0
1 1 2 0 713 0
1 1 2 0 724 0
1 1 2 0 736 0
1 1 2 0 721 0
1 1 2 0 749 0
1 1 2 0 786 0
1 1 2 0 803 0
1 1 2 0 825 0
1 1 2 0 862 0
1 1 2 0 862 0
1 1 2 0 906 0
1 1 2 0 944 0
1 1 2 0 951 0
1 1 2 0 939 0
1 1 2 0 927 0
1 1 2 0 908 0
1 1 2 0 911 0
1 1 2 0 888 0
1 1 2 0 881 0
1 1 2 0 884 0
1 1 2 0 887 0
1 1 2 0 893 0
1 1 2 0 890 0
1 1 2 0 907 0
1 1 2 0 933 0
1 1 2 0 940 0
1 1 2 0 978 0
1 1 2 0 989 0
1 1 2 0 1006 0
1 1 2 0 994 0
1 1 2 0 954 0
1 1 2 0 944 0
1 1 2 0 931 0
1 1 2 0 920 0
1 1 2 0 933 0
1 1 2 0 941 0
1 1 2 0 960 0
1 1 2 0 984 0
1 1 2 0 964 0
1 1 2 0 972 0
1 1 2 0 961 0
1 1 2 0 945 0
1 1 2 0 921 0
1 1 2 0 888 0
1 1 2 0 891 0
1 1 2 0 886 0
1 1 2 0 854 0
1 1 2 0 814 0
1 1 2 0 779 0
1 1 2 0 780 0
1 1 2 0 765 0
1 1 2 0 736 0
1 1 2 0 717 0
1 1 2 0 728 0
1 1 2 0 757 0
1 1 2 0 760 0
1 1 2 0 768 0
1 1 2 0 772 0
1 1 2 0 795 0
1 1 2 0 815 0
1 1 2 0 827 0
1 1 2 0 854 0
1 1 2 0 846 0
1 1 2 0 861 0
1 1 2 0 850 0
1 1 2 0 848 0
1 1 2 0 851 0
1 1 2 0 866 0
1 1 2 0 864 0
1 1 2 0 881 0
1 1 2 0 859 0
1 1 2 0 890 0
1 1 2 0 894 0
1 1 2 0 899 0
1 1 2 0 916 0
1 1 2 0 911 0
1 1 2 0 942 0
1 1 2 0 950 0
1 1 2 0 910 0
1 1 2 0 978 0
1 1 2 0 977 0
1 1 2 0 954 0
1 1 2 0 935 0
1 1 2 0 921 0
1 1 2 0 872 0
1 1 2 0 845 0
1 1 2 0 824 0
1 1 2 0 807 0
1 1 2 0 757 0
1 1 2 0 742 0
1 1 2 0 725 0
1 1 2 0 713 0
1 1 2 0 706 0
1 1 2 0 720 0
1 1 2 0 748 0
1 1 2 0 778 0
1 1 2 0 779 0
1 1 2 0 792 0
1 1 2 0 843 0
1 1 2 0 848 0
1 1 2 0 863 0
1 1 2 0 876 0
1 1 2 0 890 0
1 1 2 0 883 0
1 1 2 0 918 0
1 1 2 0 906 0
1 1 2 0 926 0
1 1 2 0 946 0
1 1 2 0 922 0
1 1 2 0 944 0
1 1 2 0 969 0
1 1 2 0 976 0
1 1 2 0 1015 0
1 1 2 0 996 0
1 1 2 0 1007 0
1 1 2 0 1033 0
1 1 2 0 1019 0
1 1 2 0 1016 0
1 1 2 0 1018 0
1 1 2 0 1017 0
1 1 2 0 997 0
1 1 2 0 985 0
1 1 2 0 957 0
1 1 2 0 927 0
1 1 2 0 906 0
1 1 2 0 903 0
1 1 2 0 910 0
1 1 2 0 890 0
1 1 2 0 878 0
1 1 2 0 852 0
1 1 2 0 855 0
1 1 2 0 841 0
1 1 2 0 853 0
1 1 2 0 861 0
1 1 2 0 846 0
1 1 2 0 893 0
1 1 2 0 905 0
1 1 2 0 940 0
1 1 2 0 946 0
1 1 2 0 970 0
1 1 2 0 982 0
1 1 2 0 1016 0
1 1 2 0 1021 0
1 1 2 0 977 0
1 1 2 0 957 0
1 1 2 0 930 0
1 1 2 0 896 0
1 1 2 0 869 0
1 1 2 0 841 0
1 1 2 0 822 0
1 1 2 0 788 0
1 1 2 0 757 0
1 1 3 0 722 -572
1 1 3 0 623 -572
1 1 3 0 456 -572
1 1 3 0 302 -572
1 1 3 0 143 -572
1 1 3 0 139 -572
1 1 3 0 137 -572
1 1 3 0 136 -572
1 1 3 0 142 -572
1 1 3 0 138 -572
1 1 3 0 140 -572
1 1 3 0 137 -572
1 1 3 0 138 -572
1 1 3 0 141 -572
1 1 3 0 138 -572
1 1 3 0 140 -572
1 1 3 0 141 -572
1 1 3 0 139 -572
1 1 3 0 140 -572
1 1 3 0 138 -572
1 1 3 0 141 -572
1 1 3 0 139 -572
1 1 3 0 136 -572
1 1 3 0 140 -572
0 0 0 0 139 0
0 0 0 0 139 0
0 0 0 0 139 0
0 0 0 0 140 0
0 0 0 0 139 0
0 0 0 0 141 0
0 0 0 0 141 0
0 0 0 0 136 0
0 0 0 0 137 0
0 0 0 0 139 0
0 0 0 0 137 0
0 0 0 0 140 0
0 0 0 0 139 0
0 0 0 0 138 0
0 0 0 0 139 0
0 0 0 0 138 0
0 0 0 0 141 0
0 0 0 0 138 0
0 0 0 0 142 0
0 0 0 0 138 0
0 0 0 0 140 0
