飞行日志7_20_1：
flag.fly_ready || flag.taking_off || flag.auto_take_off_land
00 00 00 
00 00 00 
00 00 00 
00 00 00 
00 00 00 
00 00 00 
00 00 00 
00 00 00 
00 00 00 
00 00 00 
00 00 00 
00 00 00 
00 00 00 
00 00 00 
00 00 00 
00 00 00 
00 00 00 
00 00 00 
00 00 00 
00 00 00 
00 00 00 
00 00 00 
00 00 00 
00 00 00 
00 00 00 
00 00 00 
00 00 00 
00 00 00 
00 00 00 
00 00 00 
00 00 00 
00 00 00 
00 00 00 
00 00 00 
00 00 00 
00 00 00 
00 00 00 
00 00 00 
00 00 00 
00 00 00 
01 00 00 
01 00 00 
01 00 00 
01 00 00 
01 00 00 
01 00 00 
01 01 02 
01 01 02 
01 01 02 
01 01 02 
01 01 02 
01 01 02 
01 01 02 
01 01 02 
01 01 02 
01 01 02 
01 01 02 
01 01 02 
01 01 02 
01 01 02 
01 01 02 
01 01 02 
01 01 02 
01 01 02 
01 01 02 
01 01 02 
01 01 02 
01 01 02 
01 01 02 
01 01 02 
01 01 02 
01 01 02 
01 01 02 
01 01 02 
01 01 02 
01 01 02 
01 01 02 
01 01 02 
01 01 02 
01 01 02 
01 01 02 
01 01 02 
01 01 02 
01 01 02 
01 01 02 
01 01 02 
01 01 02 
01 01 02 
01 01 02 
01 01 02 
01 01 02 
01 01 02 
01 01 02 
01 01 02 
01 01 02 
01 01 02 
01 01 02 
01 01 02 
01 01 02 
01 01 02 
01 01 02 
01 01 02 
01 01 02 
01 01 02 
01 01 02 
01 01 02 
01 01 02 
01 01 02 
01 01 02 
01 01 02 
01 01 02 
01 01 02 
01 01 02 
01 01 02 
01 01 02 
01 01 02 
01 01 02 
01 01 02 
01 01 02 
01 01 02 
01 01 02 
01 01 02 
01 01 02 
01 01 02 
01 01 02 
01 01 02 
01 01 02 
01 01 02 
01 01 02 
01 01 02 
01 01 02 
01 01 02 
01 01 02 
01 01 02 
01 01 02 
01 01 02 
01 01 02 
01 01 02 
01 01 02 
01 01 02 
01 01 02 
01 01 02 
01 01 02 
01 01 02 
01 01 02 
01 01 02 
01 01 02 
01 01 02 
01 01 02 
01 01 02 
01 01 02 
01 01 02 
01 01 02 
01 01 03 
01 01 03 
01 01 03 
01 01 03 
01 01 03 
01 01 03 
01 01 03 
01 01 03 
01 01 03 
01 01 03 
01 01 03 
01 01 03 
01 01 03 
01 01 03 
01 01 03 
01 01 03 
01 01 03 
01 01 03 
01 01 03 
01 01 03 
01 01 03 
01 01 03 
01 01 03 
00 00 00 
00 00 00 
00 00 00 
00 00 00 
00 00 00 
00 00 00 
00 00 00 
00 00 00 
00 00 00 
00 00 00 
00 00 00 
00 00 00 
00 00 00 
00 00 00 
00 00 00 
00 00 00 
00 
66 66 66 
00 00 00 
00 00 00 
66 66 66 
00 00 00 
00 00 00 
66 66 66 
00 00 00 
00 00 00 
66 66 66 
00 00 00 
66 66 66 
00 00 00 
00 00 00 
66 66 66 
66 66 66 
00 00 00 
66 66 66 
00 00 00 
00 00 00 00 00 00 00 00 00 00 00 00 00 00 00 00 00 00 10 00 00 00 FE 07 91 91 C1 11 66 66 66 FF 00 00 E8 01 00 00 00 00 00 00 66 FF 00 00 00 00 00 00 D8 01 00 00 00 00 00 00 C1 FF 11 FF 66 FF 66 FF 66 FF 00 00 00 00 00 00 C0 01 00 00 00 00 00 00 00 00 00 00 00 00 00 00 00 00 00 00 00 00 00 00 00 00 00 00 00 00 00 00 00 00 00 00 00 00 00 00 00 00 00 00 00 00 00 00 00 00 00 00 00 00 00 00 00 00 00 00 00 00 00 00 00 00 00 00 00 00 00 00 00 00 00 00 00 00 00 00 00 00 00 00 00 00 00 00 00 00 00 00 00 00 00 00 00 00 00 00 00 00 00 00 00 00 00 00 00 00 00 00 00 00 00 00 00 00 00 00 00 00 00 00 00 00 00 00 00 00 00 00 00 00 00 00 00 00 00 00 00 00 00 00 00 00 00 00 00 00 00 00 00 00 00 00 00 00 00 00 00 00 00 00 00 00 00 00 00 00 00 00 00 00 00 00 00 
66 66 66 
66 66 66 
00 00 00 
00 00 00 
66 66 66 
66 66 66 
00 00 00 
66 66 66 
00 00 00 
66 66 66 
00 00 00 
00 00 00 
66 66 66 
66 66 66 
00 00 00 
00 00 00 
00 00 00 
66 66 66 
66 66 66 
00 00 00 