33 62 73 0 0 0 0.000000
0 0 0 0 144 0 0.000000
0 0 0 0 137 0 0.000000
0 0 0 0 141 0 0.000000
0 0 0 0 141 0 0.000000
0 0 0 0 140 0 0.000000
0 0 0 0 140 0 0.000000
0 0 0 0 138 0 0.000000
0 0 0 0 141 0 0.000000
0 0 0 0 139 0 0.000000
0 0 0 0 141 0 -0.049387
0 0 0 0 140 0 -0.284311
0 0 0 0 141 0 -0.218137
0 0 0 0 140 0 -0.167158
0 0 0 0 141 0 -1.498018
0 0 0 0 138 0 -1.223535
0 0 0 0 140 0 -0.142647
0 0 0 0 142 0 -0.452939
0 0 0 0 144 0 -0.388230
0 0 0 0 139 0 -0.443131
0 0 0 0 137 0 -0.264708
0 0 0 0 141 0 -0.009283
0 0 0 0 140 0 0.128922
0 0 0 0 139 0 0.227940
0 0 0 0 138 0 0.239706
0 0 0 0 140 0 0.390195
0 0 0 0 142 0 0.282353
0 0 0 0 140 0 0.464701
0 0 0 0 142 0 0.594128
0 0 0 0 141 0 0.794116
0 0 0 0 139 0 1.921557
0 0 0 0 141 0 1.521552
0 0 0 0 142 0 1.317653
0 0 0 0 141 0 1.780385
0 0 0 0 143 0 0.539228
0 0 0 0 139 0 1.043133
0 0 0 0 140 0 1.019619
0 0 0 0 141 0 0.715683
0 0 0 0 140 0 0.998035
0 0 0 0 141 0 1.403920
0 0 0 0 136 0 1.239224
1 0 0 241 139 0 0.798040
1 0 0 235 138 0 1.937227
1 0 0 229 142 0 1.074522
1 0 0 223 139 0 1.490203
1 0 0 217 140 0 0.947063
1 0 0 211 138 0 1.262732
1 1 2 0 139 0 1.403905
1 1 2 0 141 0 1.545078
1 1 2 0 140 0 1.309793
1 1 2 0 140 0 1.874487
1 1 2 0 138 0 0.962740
1 1 2 0 140 0 0.464699
1 1 2 0 140 0 0.028676
1 1 2 0 138 0 -0.423528
1 1 2 0 137 0 -1.780394
1 1 2 0 139 0 -1.254901
1 1 2 0 144 0 -1.968619
1 1 2 0 140 0 -0.719618
1 1 2 0 136 0 -1.325492
1 1 2 0 141 0 -0.696076
1 1 2 0 139 0 -1.490199
1 1 2 0 139 0 -0.554904
1 1 2 0 141 0 -1.474508
1 1 2 0 140 0 -6.839124
1 1 2 0 140 0 -4.141193
1 1 2 0 140 0 -4.109800
1 1 2 0 139 0 -3.129441
1 1 2 0 137 0 -3.145097
1 1 2 0 139 0 -7.152929
1 1 2 0 139 0 -3.803900
1 1 2 0 139 0 -3.866660
1 1 2 0 142 0 -2.643156
1 1 2 0 142 0 -5.709719
1 1 2 0 144 0 -6.525423
1 1 2 0 151 0 -6.713743
1 1 2 0 156 0 -7.748939
1 1 2 0 168 0 -2.062773
1 1 2 0 193 0 -1.670572
1 1 2 0 245 0 3.537272
1 1 2 0 296 0 3.960756
1 1 2 0 356 0 13.145219
1 1 2 0 412 0 28.486238
1 1 3 0 459 -60 22.403860
1 1 3 0 464 -60 20.527468
1 1 3 0 388 -60 12.709890
1 1 3 0 286 -60 4.091054
1 1 3 0 214 -60 -2.714934
1 1 3 0 169 -60 -7.944531
1 1 3 0 159 -60 -10.480720
1 1 3 0 146 -60 -12.950866
1 1 3 0 142 -60 -15.017594
1 1 3 0 139 -60 -16.163658
1 1 3 0 136 -60 -16.674946
1 1 3 0 138 -60 -17.363600
1 1 3 0 138 -60 -17.695297
1 1 3 0 136 -60 -17.580627
1 1 3 0 136 -60 -17.256046
1 1 3 0 139 -60 -16.729982
1 1 3 0 136 -60 -16.246187
1 1 3 0 136 -60 -15.630186
1 1 3 0 137 -60 -14.834813
1 1 3 0 139 -60 -13.971393
1 1 3 0 136 -60 -12.980398
1 1 3 0 137 -60 -12.259872
1 1 3 0 136 -60 -11.683559
1 1 3 0 136 -60 -11.178249
1 1 3 0 136 -60 -10.512969
1 1 3 0 136 -60 -9.670547
1 1 3 0 137 -60 -8.582603
1 1 3 0 136 -60 -7.361712
1 1 3 0 136 -60 -6.629748
1 1 3 0 136 -60 -5.665656
1 1 3 0 137 -60 -4.889678
1 1 3 0 133 -60 -4.392404
1 1 3 0 137 -60 -3.999557
1 1 3 0 137 -60 -3.642665
1 1 3 0 137 -60 -3.277747
1 1 3 0 137 -60 -2.887632
1 1 3 0 139 -60 -2.617955
1 1 3 0 139 -60 -2.404351
0 0 0 0 137 0 -0.001187
0 0 0 0 136 0 0.000088
0 0 0 0 138 0 0.000000
0 0 0 0 134 0 -0.000088
0 0 0 0 136 0 0.000000
0 0 0 0 137 0 -0.000088
0 0 0 0 135 0 0.000000
0 0 0 0 139 0 0.000000
0 0 0 0 133 0 -0.000192
0 0 0 0 137 0 0.000557
0 0 0 0 138 0 0.000000
0 0 0 0 136 0 0.001815
0 0 0 0 139 0 0.006434
0 0 0 0 137 0 -0.000871
33 62 73 0 0 0 0.000000
0 0 0 0 139 0 0.000000
0 0 0 0 139 0 0.000000
0 0 0 0 139 0 0.000000
0 0 0 0 140 0 0.000000
0 0 0 0 139 0 0.000000
0 0 0 0 141 0 0.000000
0 0 0 0 142 0 0.000000
0 0 0 0 139 0 0.000000
0 0 0 0 141 0 0.000000
0 0 0 0 142 0 0.000000
0 0 0 0 140 0 0.042034
0 0 0 0 138 0 0.282356
0 0 0 0 139 0 0.165197
0 0 0 0 141 0 0.282350
0 0 0 0 140 0 0.405882
0 0 0 0 141 0 1.333318
0 0 0 0 138 0 0.683777
0 0 0 0 141 0 1.835280
0 0 0 0 136 0 1.835295
0 0 0 0 141 0 1.301943
0 0 0 0 142 0 0.911771
0 0 0 0 138 0 1.082363
0 0 0 0 140 0 1.796059
0 0 0 0 140 0 0.821575
0 0 0 0 137 0 0.652953
0 0 0 0 141 0 1.929384
0 0 0 0 139 0 0.892159
0 0 0 0 139 0 1.631350
0 0 0 0 139 0 0.558836
0 0 0 0 139 0 0.841176
0 0 0 0 140 0 1.678407
0 0 0 0 141 0 1.647055
0 0 0 0 138 0 0.613733
0 0 0 0 138 0 0.970591
0 0 0 0 139 0 0.266667
0 0 0 0 138 0 0.137745
0 0 0 0 140 0 0.192649
0 0 0 0 141 0 0.715698
0 0 0 0 141 0 1.811758
0 0 0 0 141 0 0.758831
1 0 0 241 137 0 1.403919
1 0 0 235 142 0 0.248531
1 0 0 229 139 0 1.199989
1 0 0 223 141 0 1.129397
1 0 0 217 139 0 1.811740
1 0 0 211 139 0 0.511771
1 1 2 0 140 0 0.758830
1 1 2 0 141 0 0.196568
1 1 2 0 140 0 0.078430
1 1 2 0 138 0 -0.366666
1 1 2 0 141 0 -1.654902
1 1 2 0 142 0 -0.664716
1 1 2 0 140 0 -1.780391
1 1 2 0 140 0 -1.694097
1 1 2 0 139 0 -4.862696
1 1 2 0 138 0 -6.995972
1 1 2 0 140 0 -5.270575
1 1 2 0 141 0 -3.709796
1 1 2 0 138 0 -2.360820
1 1 2 0 142 0 -2.470625
1 1 2 0 141 0 -2.188258
1 1 2 0 141 0 -3.411789
1 1 2 0 138 0 -3.160803
1 1 2 0 140 0 -6.870598
1 1 2 0 139 0 -5.552900
1 1 2 0 139 0 -4.172515
1 1 2 0 140 0 -2.376514
1 1 2 0 143 0 -3.207826
1 1 2 0 140 0 -2.172596
1 1 2 0 141 0 -4.988244
1 1 2 0 141 0 -2.392179
1 1 2 0 143 0 -7.560783
1 1 2 0 147 0 -2.109838
1 1 2 0 154 0 -3.788252
1 1 2 0 165 0 -3.584339
1 1 2 0 192 0 -0.798035
1 1 2 0 247 0 2.533375
1 1 2 0 293 0 7.946953
1 1 2 0 345 0 21.207644
1 1 2 0 384 0 12.392166
1 1 3 0 409 -60 17.446644
1 1 3 0 162 -60 -9.400302
1 1 3 0 153 -60 -11.051718
1 1 3 0 138 -60 -12.436164
1 1 3 0 135 -60 -12.991694
1 1 3 0 137 -60 -13.369370
1 1 3 0 134 -60 -13.301586
1 1 3 0 137 -60 -12.948398
1 1 3 0 136 -60 -12.431391
1 1 3 0 137 -60 -12.018515
1 1 3 0 135 -60 -11.519829
1 1 3 0 138 -60 -10.705705
1 1 3 0 139 -60 -9.634327
1 1 3 0 135 -60 -8.879953
1 1 3 0 137 -60 -8.459466
1 1 3 0 136 -60 -8.037089
1 1 3 0 135 -60 -7.509017
1 1 3 0 135 -60 -6.703723
1 1 3 0 134 -60 -6.098610
1 1 3 0 137 -60 -5.413171
1 1 3 0 139 -60 -4.819293
1 1 3 0 134 -60 -4.194579
1 1 3 0 138 -60 -3.377857
1 1 3 0 137 -60 -2.726012
1 1 3 0 136 -60 -2.292371
1 1 3 0 138 -60 -1.863749
1 1 3 0 136 -60 -1.481065
1 1 3 0 134 -60 -1.209429
1 1 3 0 135 -60 -1.012304
1 1 3 0 136 -60 -0.778540
0 0 0 0 137 0 0.000871
0 0 0 0 140 0 -0.000980
0 0 0 0 138 0 0.000088
0 0 0 0 137 0 -0.000088
0 0 0 0 135 0 0.000088
0 0 0 0 135 0 0.000000
0 0 0 0 136 0 0.000000
0 0 0 0 137 0 0.000000
0 0 0 0 136 0 0.000000
0 0 0 0 137 0 0.000000
0 0 0 0 136 0 0.000000
0 0 0 0 135 0 0.000000
0 0 0 0 136 0 0.000000
0 0 0 0 135 0 -0.884308
0 0 0 0 136 0 -1.019595
0 0 0 0 137 0 -0.907851
0 0 0 0 133 0 -0.739212
0 0 0 0 137 0 -3.741199
0 0 0 0 136 0 -2.831364
0 0 0 0 136 0 -2.658833
0 0 0 0 138 0 -3.160787
0 0 0 0 136 0 -2.203949
0 0 0 0 136 0 -1.160770
0 0 0 0 136 0 -0.778436
0 0 0 0 138 0 -1.835274
0 0 0 0 137 0 -1.819598
0 0 0 0 135 0 -0.982352
0 0 0 0 136 0 -1.819588
0 0 0 0 136 0 -0.539220
102 102 102 0 0 0 0.000000
33 62 73 0 0 0 0.000000
0 0 0 0 139 0 -1.027462
0 0 0 0 137 0 -0.950984
0 0 0 0 135 0 -1.654879
0 0 0 0 136 0 -0.790198
0 0 0 0 137 0 -0.730224
0 0 0 0 135 0 -1.615685
0 0 0 0 138 0 -1.827435
0 0 0 0 137 0 -0.735295
0 0 0 0 137 0 -1.952928
