飞行实验日记
任务：开启遥控器，测试our_mission() ; our_landing();
现象：one_one_key_takeoff();任务失败，原因未知，后续飞机上升过高 疑似失控 XZH强制停车
flag.fly_ready || flag.taking_off || flag.auto_take_off_land || one_key_taof_start || tof_height_mm || auto_taking_off_sp
0 0 0 0 138 0
0 0 0 0 135 0
0 0 0 0 138 0
0 0 0 0 136 0
0 0 0 0 137 0
0 0 0 0 136 0
0 0 0 0 138 0
0 0 0 0 136 0
0 0 0 0 140 0
0 0 0 0 139 0
0 0 0 0 138 0
0 0 0 0 137 0
0 0 0 0 135 0
0 0 0 0 139 0
0 0 0 0 136 0
0 0 0 0 134 0
0 0 0 0 137 0
0 0 0 0 137 0
0 0 0 0 136 0
0 0 0 0 139 0
0 0 0 0 141 0
0 0 0 0 137 0
0 0 0 0 137 0
0 0 0 0 137 0
0 0 0 0 136 0
0 0 0 0 140 0
0 0 0 0 135 0
0 0 0 0 138 0
0 0 0 0 136 0
0 0 0 0 138 0
0 0 0 0 133 0
0 0 0 0 136 0
0 0 0 0 135 0
0 0 0 0 135 0
0 0 0 0 137 0
0 0 0 0 136 0
0 0 0 0 138 0
0 0 0 0 137 0
0 0 0 0 137 0
0 0 0 0 137 0
1 0 0 241 136 0
1 0 0 235 136 0
1 0 0 229 138 0
1 0 0 223 137 0
1 0 0 217 136 0
1 0 0 211 136 0
1 1 2 0 137 0
1 1 2 0 136 0
1 1 2 0 136 0
1 1 2 0 137 0
1 1 2 0 138 0
1 1 2 0 136 0
1 1 2 0 136 0
1 1 2 0 138 0
1 1 2 0 137 0
1 1 2 0 137 0
1 1 2 0 138 0
1 1 2 0 137 0
1 1 2 0 135 0
1 1 2 0 138 0
1 1 2 0 137 0
1 1 2 0 137 0
1 1 2 0 135 0
1 1 2 0 135 0
1 1 2 0 136 0
1 1 2 0 138 0
1 1 2 0 137 0
1 1 2 0 134 0
1 1 2 0 136 0
1 1 2 0 136 0
1 1 2 0 134 0
1 1 2 0 136 0
1 1 2 0 137 0
1 1 2 0 137 0
1 1 2 0 137 0
1 1 2 0 136 0
1 1 2 0 136 0
1 1 2 0 136 0
1 1 2 0 137 0
1 1 2 0 138 0
1 1 2 0 138 0
1 1 2 0 136 0
1 1 2 0 134 0
1 1 2 0 137 0
1 1 2 0 136 0
1 1 2 0 138 0
1 1 2 0 135 0
1 1 2 0 136 0
1 1 2 0 136 0
1 1 2 0 137 0
1 1 2 0 137 0
1 1 2 0 134 0
1 1 2 0 135 0
1 1 2 0 136 0
1 1 2 0 134 0
1 1 2 0 137 0
1 1 2 0 134 0
1 1 2 0 136 0
1 1 2 0 134 0
1 1 2 0 136 0
1 1 2 0 135 0
1 1 2 0 137 0
1 1 2 0 137 0
1 1 2 0 135 0
1 1 2 0 136 0
1 1 2 0 138 0
1 1 2 0 137 0
1 1 2 0 137 0
1 1 2 0 137 0
1 1 2 0 137 0
1 1 2 0 137 0
1 1 2 0 136 0
1 1 2 0 135 0
1 1 2 0 137 0
1 1 2 0 136 0
1 1 2 0 137 0
1 1 2 0 135 0
1 1 2 0 136 0
1 1 2 0 136 0
1 1 2 0 135 0
1 1 2 0 133 0
1 1 2 0 136 0
1 1 2 0 134 0
1 1 2 0 137 0
1 1 2 0 138 0
1 1 2 0 137 0
1 1 2 0 135 0
1 1 2 0 137 0
1 1 2 0 135 0
1 1 2 0 135 0
1 1 2 0 138 0
1 1 2 0 135 0
1 1 2 0 135 0
1 1 2 0 135 0
1 1 2 0 138 0
1 1 2 0 139 0
1 1 2 0 137 0
1 1 2 0 137 0
1 1 2 0 137 0
1 1 2 0 135 0
1 1 2 0 135 0
1 1 2 0 139 0
1 1 2 0 135 0
1 1 2 0 136 0
1 1 2 0 135 0
1 1 2 0 134 0
1 1 2 0 136 0
1 1 2 0 135 0
1 1 2 0 138 0
1 1 2 0 139 0
1 1 2 0 136 0
1 1 2 0 136 0
1 1 2 0 137 0
1 1 2 0 138 0
1 1 2 0 136 0
1 1 2 0 139 0
1 1 2 0 134 0
1 1 2 0 138 0
1 1 2 0 137 0
1 1 2 0 136 0
1 1 2 0 134 0
1 1 2 0 136 0
1 1 2 0 135 0
1 1 2 0 138 0
1 1 2 0 136 0
1 1 2 0 137 0
1 1 2 0 138 0
1 1 2 0 136 0
1 1 2 0 136 0
1 1 2 0 137 0
1 1 2 0 137 0
1 1 2 0 134 0
1 1 2 0 136 0
1 1 2 0 136 0
1 1 2 0 136 0
1 1 2 0 136 0
1 1 2 0 137 0
1 1 2 0 137 0
1 1 2 0 136 0
1 1 2 0 138 0
1 1 2 0 137 0
1 1 2 0 137 0
1 1 2 0 136 0
1 1 2 0 135 0
1 1 2 0 138 0
1 1 2 0 137 0
1 1 2 0 137 0
1 1 2 0 136 0
1 1 2 0 136 0
1 1 2 0 137 0
1 1 2 0 137 0
1 1 2 0 134 0
1 1 2 0 137 0
1 1 2 0 131 0
1 1 2 0 135 0
1 1 2 0 135 0
1 1 2 0 138 0
1 1 2 0 136 0
1 1 2 0 136 0
1 1 2 0 137 0
1 1 2 0 138 0
1 1 2 0 134 0
1 1 2 0 136 0
1 1 2 0 137 0
1 1 2 0 137 0
1 1 2 0 139 0
1 1 2 0 137 0
1 1 2 0 138 0
1 1 2 0 138 0
1 1 2 0 135 0
1 1 2 0 138 0
1 1 2 0 138 0
1 1 2 0 135 0
1 1 2 0 136 0
1 1 2 0 137 0
1 1 2 0 136 0
1 1 2 0 138 0
1 1 2 0 137 0
1 1 2 0 139 0
1 1 2 0 137 0
1 1 2 0 136 0
1 1 2 0 138 0
1 1 2 0 135 0
1 1 2 0 139 0
1 1 2 0 137 0
1 1 2 0 134 0
1 1 2 0 138 0
1 1 2 0 135 0
1 1 2 0 137 0
1 1 2 0 139 0
1 1 2 0 136 0
1 1 2 0 137 0
1 1 2 0 136 0
1 1 2 0 136 0
1 1 2 0 137 0
1 1 2 0 136 0
1 1 2 0 137 0
1 1 2 0 137 0
1 1 2 0 136 0
1 1 2 0 139 0
1 1 2 0 136 0
1 1 2 0 136 0
1 1 2 0 138 0
1 1 2 0 134 0
1 1 2 0 137 0
1 1 2 0 137 0
1 1 2 0 135 0
1 1 2 0 137 0
1 1 2 0 136 0
1 1 2 0 137 0
1 1 2 0 135 0
1 1 2 0 136 0
1 1 2 0 137 0
1 1 2 0 138 0
1 1 2 0 133 0
1 1 2 0 139 0
1 1 2 0 138 0
1 1 2 0 135 0
1 1 2 0 136 0
1 1 2 0 137 0
1 1 2 0 136 0
1 1 2 0 137 0
1 1 2 0 138 0
1 1 2 0 138 0
1 1 2 0 139 0
1 1 2 0 138 0
1 1 2 0 134 0
1 1 2 0 138 0
1 1 2 0 137 0
1 1 2 0 138 0
1 1 2 0 139 0
1 1 2 0 137 0
1 1 2 0 136 0
1 1 2 0 136 0
1 1 2 0 136 0
1 1 2 0 137 0
1 1 2 0 135 0
1 1 2 0 138 0
1 1 2 0 138 0
1 1 2 0 135 0
1 1 2 0 137 0
1 1 2 0 138 0
1 1 2 0 137 0
1 1 2 0 138 0
1 1 2 0 136 0
1 1 2 0 139 0
1 1 2 0 138 0
1 1 2 0 137 0
1 1 2 0 141 0
1 1 2 0 137 0
1 1 2 0 138 0
1 1 2 0 140 0
1 1 2 0 137 0
1 1 2 0 138 0
1 1 2 0 138 0
1 1 2 0 135 0
1 1 2 0 137 0
1 1 2 0 142 0
1 1 2 0 146 0
1 1 2 0 144 0
1 1 2 0 144 0
1 1 2 0 154 0
1 1 2 0 168 0
1 1 2 0 182 0
1 1 2 0 200 0
1 1 2 0 212 0
1 1 2 0 223 0
1 1 2 0 238 0
1 1 2 0 248 0
1 1 2 0 253 0
1 1 2 0 291 0
1 1 2 0 403 0
1 1 2 0 435 0
1 1 2 0 408 0
1 1 2 0 373 0
1 1 2 0 341 0
1 1 2 0 336 0
1 1 2 0 343 0
1 1 2 0 354 0
1 1 2 0 365 0
1 1 2 0 376 0
1 1 2 0 404 0
1 1 2 0 401 0
1 1 2 0 407 0
1 1 2 0 415 0
1 1 2 0 424 0
1 1 2 0 418 0
1 1 2 0 418 0
1 1 2 0 415 0
1 1 2 0 412 0
1 1 2 0 418 0
1 1 2 0 415 0
1 1 2 0 421 0
1 1 2 0 420 0
1 1 2 0 430 0
1 1 2 0 433 0
1 1 2 0 434 0
1 1 2 0 437 0
1 1 2 0 422 0
1 1 2 0 417 0
1 1 2 0 419 0
1 1 2 0 411 0
1 1 2 0 425 0
1 1 2 0 439 0
1 1 2 0 449 0
1 1 2 0 458 0
1 1 2 0 455 0
1 1 2 0 474 0
1 1 2 0 486 0
1 1 2 0 483 0
1 1 2 0 492 0
1 1 2 0 493 0
1 1 2 0 493 0
1 1 2 0 497 0
1 1 2 0 507 0
1 1 2 0 528 0
1 1 2 0 530 0
1 1 2 0 544 0
1 1 2 0 563 0
1 1 2 0 568 0
1 1 2 0 579 0
1 1 2 0 603 0
1 1 2 0 627 0
1 1 2 0 645 0
1 1 2 0 651 0
1 1 2 0 655 0
1 1 2 0 681 0
1 1 2 0 698 0
1 1 2 0 711 0
1 1 2 0 716 0
1 1 2 0 721 0
1 1 2 0 744 0
1 1 2 0 765 0
1 1 2 0 780 0
1 1 2 0 800 0
1 1 2 0 829 0
1 1 2 0 833 0
1 1 2 0 859 0
1 1 2 0 899 0
1 1 2 0 903 0
1 1 2 0 924 0
1 1 2 0 960 0
1 1 2 0 971 0
1 1 2 0 981 0
1 1 2 0 1025 0
1 1 2 0 1046 0
1 1 2 0 1036 0
1 1 2 0 1055 0
1 1 2 0 1046 0
1 1 2 0 1073 0
1 1 2 0 1060 0
1 1 2 0 1048 0
1 1 2 0 1067 0
1 1 2 0 1070 0
1 1 2 0 1072 0
1 1 2 0 1055 0
1 1 2 0 1094 0
1 1 2 0 1090 0
1 1 2 0 1118 0
1 1 2 0 1118 0
1 1 2 0 1142 0
1 1 2 0 1130 0
1 1 2 0 1177 0
1 1 2 0 1162 0
1 1 2 0 1186 0
1 1 2 0 1168 0
1 1 2 0 1155 0
1 1 2 0 1129 0
1 1 2 0 1121 0
1 1 2 0 1108 0
1 1 2 0 1146 0
1 1 2 0 1155 0
1 1 2 0 1165 0
1 1 2 0 1112 0
1 1 2 0 1130 0
1 1 2 0 1121 0
1 1 2 0 1121 0
1 1 2 0 1111 0
1 1 2 0 1162 0
1 1 2 0 1159 0
1 1 2 0 1185 0
1 1 2 0 1172 0
1 1 2 0 1165 0
1 1 2 0 1176 0
1 1 2 0 1163 0
1 1 2 0 1184 0
1 1 2 0 1213 0
1 1 2 0 1238 0
1 1 2 0 1251 0
1 1 2 0 1259 0
1 1 2 0 1277 0
1 1 2 0 1277 0
1 1 2 0 1290 0
1 1 2 0 1326 0
1 1 2 0 1277 0
1 1 2 0 1329 0
1 1 2 0 1385 0
1 1 2 0 1334 0
1 1 2 0 1381 0
1 1 2 0 1370 0
1 1 2 0 1415 0
1 1 2 0 1422 0
1 1 2 0 1425 0
1 1 2 0 1418 0
1 1 2 0 1407 0
1 1 2 0 1439 0
1 1 2 0 1448 0
1 1 2 0 1421 0
1 1 2 0 1464 0
1 1 2 0 1455 0
1 1 2 0 1484 0
1 1 2 0 1485 0
1 1 2 0 1526 0
1 1 2 0 1524 0
1 1 2 0 1584 0
1 1 2 0 1543 0
1 1 2 0 1570 0
1 1 2 0 1558 0
1 1 2 0 1653 0
1 1 2 0 1631 0
1 1 2 0 1690 0
1 1 2 0 1648 0
1 1 2 0 1657 0
1 1 2 0 1622 0
1 1 2 0 1656 0
1 1 2 0 1708 0
1 1 2 0 1714 0
1 1 2 0 1800 0
1 1 2 0 1858 0
1 1 2 0 1878 0
1 1 2 0 1952 0
1 1 2 0 1920 0
1 1 2 0 1955 0
1 1 2 0 2003 0
1 1 2 0 1984 0
1 1 2 0 8189 0
1 1 2 0 1950 0
1 1 2 0 1989 0
1 1 2 0 1972 0
1 1 2 0 1993 0
1 1 2 0 1912 0
1 1 2 0 1894 0
1 1 2 0 2014 0
1 1 2 0 1890 0
1 1 2 0 1864 0
1 1 2 0 1825 0
1 1 2 0 1811 0
1 1 2 0 1771 0
1 1 2 0 1738 0
1 1 2 0 1664 0
102 102 102 0 0 0
33 62 73 0 0 0
0 0 0 0 1566 0
0 0 0 0 1533 0
0 0 0 0 1448 0
