飞行日志7_20_2：
本次为原一键起飞，和1的记录相比，只是加入了tof_height_mm和auto_taking_off_speed
flag.fly_ready || flag.taking_off || flag.auto_take_off_land || one_key_taof_start || tof_height_mm || auto_taking_off_speed
0 0 0 0 142 0
0 0 0 0 136 0
0 0 0 0 136 0
0 0 0 0 138 0
0 0 0 0 138 0
0 0 0 0 139 0
0 0 0 0 140 0
0 0 0 0 140 0
0 0 0 0 138 0
0 0 0 0 138 0
0 0 0 0 138 0
0 0 0 0 138 0
0 0 0 0 142 0
0 0 0 0 138 0
0 0 0 0 138 0
0 0 0 0 138 0
0 0 0 0 140 0
0 0 0 0 137 0
0 0 0 0 136 0
0 0 0 0 138 0
0 0 0 0 138 0
0 0 0 0 139 0
0 0 0 0 139 0
0 0 0 0 138 0
0 0 0 0 139 0
0 0 0 0 137 0
0 0 0 0 139 0
0 0 0 0 139 0
0 0 0 0 142 0
0 0 0 0 137 0
0 0 0 0 137 0
0 0 0 0 141 0
0 0 0 0 136 0
0 0 0 0 134 0
0 0 0 0 142 0
0 0 0 0 140 0
0 0 0 0 137 0
0 0 0 0 138 0
0 0 0 0 139 0
0 0 0 0 141 0
1 0 0 241 138 0
1 0 0 235 136 0
1 0 0 229 140 0
1 0 0 223 140 0
1 0 0 217 137 0
1 0 0 211 139 0
1 1 2 0 136 0
1 1 2 0 139 0
1 1 2 0 140 0
1 1 2 0 137 0
1 1 2 0 137 0
1 1 2 0 139 0
1 1 2 0 136 0
1 1 2 0 138 0
1 1 2 0 139 0
1 1 2 0 141 0
1 1 2 0 140 0
1 1 2 0 140 0
1 1 2 0 136 0
1 1 2 0 139 0
1 1 2 0 137 0
1 1 2 0 140 0
1 1 2 0 136 0
1 1 2 0 137 0
1 1 2 0 137 0
1 1 2 0 140 0
1 1 2 0 140 0
1 1 2 0 138 0
1 1 2 0 140 0
1 1 2 0 133 0
1 1 2 0 138 0
1 1 2 0 140 0
1 1 2 0 140 0
1 1 2 0 144 0
1 1 2 0 152 0
1 1 2 0 165 0
1 1 2 0 197 0
1 1 2 0 242 0
1 1 2 0 290 0
1 1 2 0 378 0
1 1 2 0 440 0
1 1 2 0 509 0
1 1 2 0 578 0
1 1 2 0 626 0
1 1 2 0 697 0
1 1 2 0 769 0
1 1 2 0 842 0
1 1 2 0 928 0
1 1 2 0 996 0
1 1 2 0 1079 0
1 1 2 0 1126 0
1 1 2 0 1230 0
1 1 2 0 1273 0
1 1 2 0 1226 0
1 1 2 0 1184 0
1 1 2 0 1155 0
1 1 2 0 1126 0
1 1 2 0 1118 0
1 1 2 0 1111 0
1 1 2 0 1095 0
1 1 2 0 1114 0
1 1 2 0 1132 0
1 1 2 0 1125 0
1 1 2 0 1135 0
1 1 2 0 1131 0
1 1 2 0 1093 0
1 1 2 0 1139 0
1 1 2 0 1124 0
1 1 2 0 1157 0
1 1 2 0 1098 0
1 1 2 0 1093 0
1 1 2 0 1086 0
1 1 2 0 1060 0
1 1 2 0 1064 0
1 1 2 0 1057 0
1 1 2 0 1078 0
1 1 2 0 1074 0
1 1 2 0 1097 0
1 1 2 0 1100 0
1 1 2 0 1095 0
1 1 2 0 1121 0
1 1 2 0 1117 0
1 1 2 0 1140 0
1 1 2 0 1133 0
1 1 2 0 1134 0
1 1 2 0 1115 0
1 1 2 0 1113 0
1 1 2 0 1107 0
1 1 2 0 1105 0
1 1 2 0 1128 0
1 1 2 0 1105 0
1 1 2 0 1130 0
1 1 2 0 1134 0
1 1 2 0 1141 0
1 1 2 0 1141 0
1 1 2 0 1151 0
1 1 2 0 1121 0
1 1 2 0 1126 0
1 1 2 0 1149 0
1 1 2 0 1130 0
1 1 2 0 1146 0
1 1 2 0 1129 0
1 1 2 0 1122 0
1 1 2 0 1132 0
1 1 2 0 1103 0
1 1 2 0 1108 0
1 1 2 0 1129 0
1 1 2 0 1116 0
1 1 2 0 1116 0
1 1 2 0 1105 0
1 1 2 0 1078 0
1 1 3 0 1070 -572
1 1 3 0 1021 -572
1 1 3 0 839 -572
1 1 3 0 689 -572
1 1 3 0 490 -572
1 1 3 0 332 -572
1 1 3 0 168 -572
1 1 3 0 178 -572
1 1 3 0 147 -572
1 1 3 0 137 -572
1 1 3 0 139 -572
1 1 3 0 139 -572
1 1 3 0 136 -572
1 1 3 0 141 -572
1 1 3 0 137 -572
1 1 3 0 138 -572
1 1 3 0 140 -572
1 1 3 0 137 -572
1 1 3 0 139 -572
0 0 0 0 136 0
0 0 0 0 141 0
0 0 0 0 138 0
0 0 0 0 137 0
0 0 0 0 139 0
0 0 0 0 138 0
0 0 0 0 140 0
0 0 0 0 139 0
0 0 0 0 137 0
0 0 0 0 140 0
0 0 0 0 136 0
0 0 0 0 138 0
0 0 0 0 140 0
0 0 0 0 139 0
0 0 0 0 140 0
